345	3
346	3
347	2
341	2
342	1
343	1
814	2
349	1
719	1
298	1
299	1
297	5
294	3
295	1
292	1
293	1
291	1
593	1
199	8
198	9
195	4
194	9
197	3
196	7
191	7
190	4
193	9
192	4
270	2
271	2
272	8
273	3
274	2
275	3
276	1
277	7
278	7
279	2
525	1
527	1
521	1
523	3
1016	1
449	1
448	1
441	1
440	1
445	2
444	1
108	13
109	10
102	15
103	18
100	12
101	13
106	25
107	12
104	17
105	16
39	85
38	97
33	124
32	132
31	125
30	122
37	100
36	99
35	108
34	100
438	1
439	2
648	1
434	1
432	1
339	1
338	1
335	1
333	5
332	1
851	1
6	1932
99	17
98	20
91	26
90	14
93	20
92	25
95	26
94	18
97	20
96	30
1626	1
348	3
559	1
550	1
238	3
239	3
234	5
235	4
236	1
237	7
230	2
231	4
232	2
233	9
1	35755
146	14
147	10
144	9
145	6
142	11
143	10
140	4
141	6
616	1
148	14
149	13
683	1
682	1
133	15
132	10
131	18
130	15
137	12
136	10
135	12
134	15
139	12
138	8
490	1
24	168
25	167
26	157
27	157
20	223
21	237
22	185
23	216
28	143
29	147
407	1
406	1
405	2
403	2
400	1
408	1
456	1
828	1
370	2
374	1
377	2
376	1
393	1
392	1
88	23
89	21
397	3
395	3
394	1
82	31
83	32
80	34
81	21
86	24
87	27
84	27
85	31
7	1451
581	1
1132	1
245	3
244	4
247	2
246	3
241	1
240	2
243	5
242	2
249	4
248	1
519	1
518	1
1007	1
601	1
512	2
514	2
517	2
458	1
622	1
627	1
450	2
451	1
628	1
454	1
1229	1
179	4
178	6
177	2
176	8
175	10
174	7
173	6
172	5
171	7
170	7
977	1
182	7
183	6
180	6
2	11347
186	2
187	6
184	5
185	10
188	4
189	9
11	673
10	732
13	470
12	548
15	393
14	437
17	349
16	341
19	235
18	285
62	51
322	1
323	2
320	1
321	1
326	1
324	1
325	4
328	1
329	2
201	5
200	2
203	7
202	3
205	3
204	3
207	4
206	8
209	6
208	5
77	23
76	37
75	47
74	39
73	42
72	35
71	43
70	44
79	35
78	28
1682	1
1141	1
666	1
665	1
664	1
663	1
662	1
693	1
1599	1
698	1
542	1
543	1
541	2
547	1
8	1078
68	26
997	1
868	1
120	16
121	16
122	16
123	13
124	18
125	18
126	13
127	13
128	6
129	16
765	1
259	3
414	1
415	1
416	2
417	1
410	2
411	2
412	1
413	1
498	1
318	2
312	5
317	4
316	5
314	2
3	5729
368	1
369	3
366	4
367	1
364	1
365	1
362	1
360	2
361	1
380	3
382	1
385	4
386	1
387	1
389	1
786	1
579	1
576	2
60	57
61	43
258	1
63	41
64	42
65	34
66	43
67	36
252	3
69	36
250	2
256	4
257	5
254	3
255	6
1172	1
159	9
733	1
508	1
504	1
505	1
503	1
630	1
469	1
636	1
464	1
466	1
461	1
462	2
168	10
169	4
164	9
165	10
166	12
167	6
160	5
161	8
162	9
163	4
962	1
1842	1
908	1
870	1
9	932
357	4
356	2
355	3
354	2
353	1
802	1
359	1
358	1
216	10
217	3
214	2
215	4
212	5
213	4
210	5
211	8
218	3
219	4
3044	1
289	1
288	2
4	3581
280	4
283	1
282	2
285	3
284	3
287	1
286	6
673	1
263	1
262	6
261	2
260	6
267	2
266	2
265	2
264	3
269	1
268	2
59	30
58	44
55	50
54	62
57	46
56	71
51	60
50	62
53	55
52	66
534	1
532	1
1323	1
115	12
114	14
117	21
116	13
111	14
110	22
113	18
253	4
119	17
118	22
429	1
428	2
919	1
421	2
423	1
422	1
424	1
308	2
309	5
301	4
303	4
304	1
305	5
306	3
307	2
181	7
841	1
568	1
755	1
567	1
229	4
228	3
227	4
226	5
225	6
224	5
223	7
222	7
221	3
220	3
724	1
390	2
723	1
151	15
150	4
153	19
152	7
155	8
154	8
157	13
156	10
1205	1
158	3
112	20
399	1
398	2
48	70
49	57
46	63
47	54
44	64
45	74
42	75
43	80
40	82
41	73
1365	1
5	2528
488	1
484	1
481	1
473	2
470	1
471	1
475	1
