1	345	3
2	346	3
3	347	2
4	341	2
5	342	1
6	343	1
7	814	2
8	349	1
9	719	1
10	298	1
11	299	1
12	297	5
13	294	3
14	295	1
15	292	1
16	293	1
17	291	1
18	593	1
19	199	8
20	198	9
21	195	4
22	194	9
23	197	3
24	196	7
25	191	7
26	190	4
27	193	9
28	192	4
29	270	2
30	271	2
31	272	8
32	273	3
33	274	2
34	275	3
35	276	1
36	277	7
37	278	7
38	279	2
39	525	1
40	527	1
41	521	1
42	523	3
43	1016	1
44	449	1
45	448	1
46	441	1
47	440	1
48	445	2
49	444	1
50	108	13
51	109	10
52	102	15
53	103	18
54	100	12
55	101	13
56	106	25
57	107	12
58	104	17
59	105	16
60	39	85
61	38	97
62	33	124
63	32	132
64	31	125
65	30	122
66	37	100
67	36	99
68	35	108
69	34	100
70	438	1
71	439	2
72	648	1
73	434	1
74	432	1
75	339	1
76	338	1
77	335	1
78	333	5
79	332	1
80	851	1
81	6	1932
82	99	17
83	98	20
84	91	26
85	90	14
86	93	20
87	92	25
88	95	26
89	94	18
90	97	20
91	96	30
92	1626	1
93	348	3
94	559	1
95	550	1
96	238	3
97	239	3
98	234	5
99	235	4
100	236	1
101	237	7
102	230	2
103	231	4
104	232	2
105	233	9
106	1	35755
107	146	14
108	147	10
109	144	9
110	145	6
111	142	11
112	143	10
113	140	4
114	141	6
115	616	1
116	148	14
117	149	13
118	683	1
119	682	1
120	133	15
121	132	10
122	131	18
123	130	15
124	137	12
125	136	10
126	135	12
127	134	15
128	139	12
129	138	8
130	490	1
131	24	168
132	25	167
133	26	157
134	27	157
135	20	223
136	21	237
137	22	185
138	23	216
139	28	143
140	29	147
141	407	1
142	406	1
143	405	2
144	403	2
145	400	1
146	408	1
147	456	1
148	828	1
149	370	2
150	374	1
151	377	2
152	376	1
153	393	1
154	392	1
155	88	23
156	89	21
157	397	3
158	395	3
159	394	1
160	82	31
161	83	32
162	80	34
163	81	21
164	86	24
165	87	27
166	84	27
167	85	31
168	7	1451
169	581	1
170	1132	1
171	245	3
172	244	4
173	247	2
174	246	3
175	241	1
176	240	2
177	243	5
178	242	2
179	249	4
180	248	1
181	519	1
182	518	1
183	1007	1
184	601	1
185	512	2
186	514	2
187	517	2
188	458	1
189	622	1
190	627	1
191	450	2
192	451	1
193	628	1
194	454	1
195	1229	1
196	179	4
197	178	6
198	177	2
199	176	8
200	175	10
201	174	7
202	173	6
203	172	5
204	171	7
205	170	7
206	977	1
207	182	7
208	183	6
209	180	6
210	2	11347
211	186	2
212	187	6
213	184	5
214	185	10
215	188	4
216	189	9
217	11	673
218	10	732
219	13	470
220	12	548
221	15	393
222	14	437
223	17	349
224	16	341
225	19	235
226	18	285
227	62	51
228	322	1
229	323	2
230	320	1
231	321	1
232	326	1
233	324	1
234	325	4
235	328	1
236	329	2
237	201	5
238	200	2
239	203	7
240	202	3
241	205	3
242	204	3
243	207	4
244	206	8
245	209	6
246	208	5
247	77	23
248	76	37
249	75	47
250	74	39
251	73	42
252	72	35
253	71	43
254	70	44
255	79	35
256	78	28
257	1682	1
258	1141	1
259	666	1
260	665	1
261	664	1
262	663	1
263	662	1
264	693	1
265	1599	1
266	698	1
267	542	1
268	543	1
269	541	2
270	547	1
271	8	1078
272	68	26
273	997	1
274	868	1
275	120	16
276	121	16
277	122	16
278	123	13
279	124	18
280	125	18
281	126	13
282	127	13
283	128	6
284	129	16
285	765	1
286	259	3
287	414	1
288	415	1
289	416	2
290	417	1
291	410	2
292	411	2
293	412	1
294	413	1
295	498	1
296	318	2
297	312	5
298	317	4
299	316	5
300	314	2
301	3	5729
302	368	1
303	369	3
304	366	4
305	367	1
306	364	1
307	365	1
308	362	1
309	360	2
310	361	1
311	380	3
312	382	1
313	385	4
314	386	1
315	387	1
316	389	1
317	786	1
318	579	1
319	576	2
320	60	57
321	61	43
322	258	1
323	63	41
324	64	42
325	65	34
326	66	43
327	67	36
328	252	3
329	69	36
330	250	2
331	256	4
332	257	5
333	254	3
334	255	6
335	1172	1
336	159	9
337	733	1
338	508	1
339	504	1
340	505	1
341	503	1
342	630	1
343	469	1
344	636	1
345	464	1
346	466	1
347	461	1
348	462	2
349	168	10
350	169	4
351	164	9
352	165	10
353	166	12
354	167	6
355	160	5
356	161	8
357	162	9
358	163	4
359	962	1
360	1842	1
361	908	1
362	870	1
363	9	932
364	357	4
365	356	2
366	355	3
367	354	2
368	353	1
369	802	1
370	359	1
371	358	1
372	216	10
373	217	3
374	214	2
375	215	4
376	212	5
377	213	4
378	210	5
379	211	8
380	218	3
381	219	4
382	3044	1
383	289	1
384	288	2
385	4	3581
386	280	4
387	283	1
388	282	2
389	285	3
390	284	3
391	287	1
392	286	6
393	673	1
394	263	1
395	262	6
396	261	2
397	260	6
398	267	2
399	266	2
400	265	2
401	264	3
402	269	1
403	268	2
404	59	30
405	58	44
406	55	50
407	54	62
408	57	46
409	56	71
410	51	60
411	50	62
412	53	55
413	52	66
414	534	1
415	532	1
416	1323	1
417	115	12
418	114	14
419	117	21
420	116	13
421	111	14
422	110	22
423	113	18
424	253	4
425	119	17
426	118	22
427	429	1
428	428	2
429	919	1
430	421	2
431	423	1
432	422	1
433	424	1
434	308	2
435	309	5
436	301	4
437	303	4
438	304	1
439	305	5
440	306	3
441	307	2
442	181	7
443	841	1
444	568	1
445	755	1
446	567	1
447	229	4
448	228	3
449	227	4
450	226	5
451	225	6
452	224	5
453	223	7
454	222	7
455	221	3
456	220	3
457	724	1
458	390	2
459	723	1
460	151	15
461	150	4
462	153	19
463	152	7
464	155	8
465	154	8
466	157	13
467	156	10
468	1205	1
469	158	3
470	112	20
471	399	1
472	398	2
473	48	70
474	49	57
475	46	63
476	47	54
477	44	64
478	45	74
479	42	75
480	43	80
481	40	82
482	41	73
483	1365	1
484	5	2528
485	488	1
486	484	1
487	481	1
488	473	2
489	470	1
490	471	1
491	475	1
