82	5.64	3
49	5.69	6
579	5.56	1
165	5.59	1
60	4.75	1
3	8.72	2
1	6.79	95
333	4.78	1
168	5.69	1
168	5.68	2
32	5.64	4
32	5.66	7
255	4.69	1
32	5.69	14
464	5.75	1
1	6.72	1155
1	6.75	843
1	6.74	758
1	6.77	222
1	6.76	178
38	5.66	12
70	5.49	1
38	5.64	7
38	5.62	4
10	7.72	2
145	5.7	2
462	5.53	1
38	5.68	5
86	5.7	3
107	5.59	1
125	5.56	3
125	5.59	1
19	5.49	2
137	4.75	1
454	5.68	1
3	8.73	2
10	10.56	1
107	5.56	1
62	5.69	4
62	5.68	5
22	5.49	4
4	7.69	10
3	6.7	243
4	7.62	15
3	6.8	5
99	5.72	1
99	5.73	1
51	5.53	3
62	5.64	3
182	5.69	1
62	5.66	7
3	8.7	3
14	6.37	7
151	4.79	1
11	7.66	1
38	5.95	1
197	4.72	1
10	6.75	4
151	4.75	3
166	4.75	1
18	6.64	4
4	6.8	4
2	7.03	23
139	4.64	1
166	4.72	2
13	4.3	1
155	4.75	2
3	7.95	1
109	5.7	1
32	5.62	9
89	4.72	2
12	6.44	5
53	0	1
519	5.49	1
325	4.44	1
8	2.79	1
5	5.82	3
12	6.49	10
130	4.68	1
3	5.96	5
51	5.7	1
44	4.81	1
12	7.59	1
90	5.62	2
90	5.64	2
2	5.96	10
90	5.68	2
77	5.53	1
2	5.95	4
32	5.68	14
19	6.29	5
138	5.72	1
29	5.68	19
29	5.69	16
11	6.81	2
29	5.64	9
29	5.66	12
1	6.73	971
29	5.62	12
4	8.62	7
258	5.75	1
1205	5.49	1
2	5.91	2
4	8.64	1
103	5.74	2
48	4.75	3
365	5.56	1
48	4.76	1
10	5.79	10
10	5.78	9
1	8.37	26
105	5.59	1
10	5.73	47
10	5.72	54
10	5.77	15
10	5.76	16
10	5.75	63
10	5.74	47
223	5.62	2
100	5.75	1
20	5.62	11
101	5.68	1
161	5.74	1
101	5.66	1
2	4.3	1
18	5.7	24
4	8.37	1
101	5.62	1
36	6.49	2
20	5.69	20
20	5.68	16
122	5.72	1
100	5.7	1
13	6.69	3
66	6.29	1
12	7.56	1
64	5.44	1
1	1.27	1
2	9.59	2
386	5.53	1
34	5.7	11
53	4.69	1
1	6.96	3
94	5.7	2
23	3.3	1
29	5.7	11
398	4.73	1
106	5.18	1
1	7.79	6
214	4.7	1
37	5.44	3
2	9.53	1
27	4.84	2
27	4.83	1
27	4.82	2
49	0	1
39	5.49	1
1	7.64	229
135	5.72	1
135	5.73	1
37	5.76	1
37	5.77	1
38	5.7	13
125	5.62	1
37	5.72	11
37	5.73	11
41	6.7	1
428	4.62	1
1	2.85	8
316	4.78	1
16	0	5
67	5.37	1
316	4.75	2
2	2.76	2
235	5.49	1
2	2.73	2
93	4.75	1
93	4.74	1
233	5.66	2
215	5.56	1
233	5.64	1
114	5.56	1
5	3.78	1
27	5.56	6
366	4.79	1
1	7.62	278
27	5.53	1
120	5.53	1
32	6.56	2
121	5.74	1
157	5.68	1
24	6.44	1
1	7.95	2
157	5.66	1
17	5.18	1
157	5.62	1
72	5.75	2
56	5.72	7
208	5.68	2
72	5.72	2
503	4.69	1
164	5.37	1
141	5.74	1
408	5.53	1
107	5.53	1
141	5.72	1
12	1.86	1
32	6.62	1
43	6.53	1
21	5.49	1
4	1.69	1
12	1.88	1
56	4.78	1
72	4.73	1
1	7.75	141
72	4.77	2
72	4.79	1
2	7.56	52
1	10.53	1
86	5.59	1
29	6.37	2
184	5.56	2
81	4.7	1
128	5.69	2
3	1.85	1
58	5.64	1
124	5.18	1
18	6.37	2
114	5.53	1
4	8.7	1
1	1.78	2
5	7.59	8
15	5.7	36
21	6.72	2
243	5.64	2
1	1.76	3
1	1.77	7
1	1.71	29
1	1.72	29
21	6.75	1
143	4.74	1
44	5.7	6
5	1.7	1
212	5.56	1
75	4.68	1
63	5.62	5
5	6.82	1
239	5.49	1
27	6.56	1
27	0	2
225	5.59	1
82	4.75	2
62	5.62	2
65	5.72	1
92	4.79	1
80	4.82	1
14	5.95	1
12	5.81	2
94	4.66	1
82	4.78	1
2	5.53	21
76	4.8	1
83	4.78	1
83	4.79	2
269	4.8	1
83	4.75	1
2	5.59	22
22	5.44	2
2	5.97	2
312	5.72	1
86	5.62	1
265	4.74	1
16	5.62	11
82	5.72	2
664	4.79	1
16	5.66	26
16	5.64	17
143	5.56	2
16	5.68	27
16	5.69	32
197	4.77	1
6	2.71	1
40	4.79	1
84	5.53	2
189	5.7	2
147	5.72	1
159	5.69	2
159	5.68	2
84	5.59	1
64	5.37	1
1	2.7	1
204	5.44	1
1	2.5	1
1	2.4	1
66	5.7	3
102	5.29	1
80	5.62	1
80	5.64	3
80	5.66	4
80	5.69	1
80	5.68	3
149	4.74	1
181	5.7	1
149	4.73	2
67	5.56	2
10	6.64	5
76	5.66	7
2	5.29	1
284	4.76	1
17	6.49	1
346	4.66	1
10	7.66	1
133	5.75	1
113	5.56	1
146	5.7	2
7	7.69	5
104	5.75	2
11	6.72	6
4	6.79	2
380	4.76	1
48	5.66	3
107	4.69	1
4	6.77	12
312	4.73	1
312	4.75	1
125	4.69	1
56	4.73	1
1	6.44	229
4	1.81	1
4	6.75	61
60	4.64	1
1	6.49	418
1	2.87	6
173	4.69	1
369	5.56	1
137	5.69	1
137	5.68	1
32	5.59	2
70	5.73	2
168	5.59	2
168	5.56	1
11	4.76	1
110	4.83	1
32	5.56	3
137	5.66	1
32	5.53	3
137	5.64	2
14	5.77	11
14	5.76	8
14	5.75	35
14	5.74	30
113	4.75	1
14	5.72	50
113	4.77	2
113	4.76	1
11	7.59	2
46	5.56	2
83	6.44	1
2	7.68	64
2	7.69	63
14	5.79	1
14	5.78	5
58	5.7	5
90	5.7	1
27	5.76	1
4	7.79	1
22	5.59	6
155	5.69	1
155	5.68	1
166	5.64	3
69	4.79	2
119	5.64	2
166	5.68	2
119	5.69	1
22	5.53	4
4	7.75	7
155	5.66	1
22	5.56	2
4	6.7	118
11	7.73	1
69	6.56	1
42	6.44	1
11	7.77	1
175	4.8	1
1	7.83	2
14	6.49	2
103	4.85	1
232	5.64	1
3	5.85	2
229	5.44	1
3	5.83	8
3	5.82	25
3	5.81	21
20	5.66	14
3	7.86	1
3	7.81	1
8	7.29	2
245	5.69	1
3	7.82	1
3	8.44	2
12	6.53	17
4	6.62	106
7	5.75	96
12	6.56	4
7	9.44	1
41	5.44	1
12	6.59	4
89	4.82	1
89	4.81	2
103	4.69	1
103	4.68	1
211	4.72	2
143	5.69	2
90	5.56	1
90	5.53	1
29	5.59	9
4	1.65	1
2	5.69	131
101	5.7	2
8	6.81	1
9	6.18	2
29	5.53	3
458	4.77	1
2	1.77	8
29	5.56	5
114	4.84	1
356	4.62	1
9	6.69	11
3	1.72	5
3	1.73	1
3	1.71	2
356	4.68	1
3	1.78	3
3	5.95	3
105	5.62	2
10	5.69	48
62	5.74	3
182	5.59	1
62	5.72	5
62	5.73	4
105	5.64	1
242	5.74	1
71	5.29	1
182	5.53	1
10	5.62	14
3	5.97	1
10	5.64	26
10	5.66	28
20	5.74	14
20	5.75	12
20	5.76	3
20	5.77	7
223	5.53	2
20	5.72	24
20	5.73	19
58	4.78	1
143	5.64	1
72	5.56	1
20	5.78	2
38	6.29	1
28	6.59	1
242	5.73	1
181	4.74	1
78	5.72	1
31	5.66	8
162	5.59	1
16	5.59	8
8	7.66	2
1	4.49	1
41	7.29	1
22	6.37	2
90	5.69	1
398	4.64	1
257	5.29	1
16	6.53	4
256	4.76	1
185	4.96	1
201	4.96	1
70	6.7	1
13	6.66	2
37	5.49	2
4	6.03	24
135	5.69	1
39	5.59	4
13	7.53	1
39	5.56	3
233	4.75	3
80	4.68	1
39	5.53	3
115	4.79	2
58	5.74	1
58	5.73	3
58	5.72	2
235	5.53	1
54	4.82	1
76	5.73	1
85	5.74	1
162	4.73	1
75	5.7	5
115	4.75	1
85	5.72	4
4	1.8	2
215	5.62	1
127	5.59	1
12	7.66	1
67	4.77	1
27	5.44	2
9	1	14
4	1.7	1
9	0	17
2	2.84	1
2	2.87	1
66	5.44	1
2	2.81	1
339	5.44	1
2	2.83	2
1	6.89	14
12	0	10
24	6.72	1
2	2.88	1
5	8.62	2
2	6.84	1
72	5.64	2
72	5.66	4
20	5.81	1
56	5.68	8
56	5.69	12
56	5.66	5
151	5.49	1
56	5.64	6
2	6.86	3
56	5.62	5
185	5.49	1
4	5.76	54
213	0	1
316	5.29	1
41	5.8	1
41	5.7	11
21	5.37	1
64	4.97	1
2	6.95	4
116	4.72	1
80	0	1
280	4.8	1
116	4.78	1
11	6.73	5
1	10.44	4
53	5.66	3
128	5.56	1
1	6.84	6
128	5.59	1
184	5.49	1
11	6.74	5
117	5.7	1
11	1	6
1	1.69	44
1	1.68	63
1	6.86	5
11	0	7
1	1.63	29
3	6.37	69
1	1.61	14
53	5.62	1
1	1.67	6
106	4.8	1
1	1.65	12
7	1.66	1
39	6.37	1
65	5.64	2
165	5.68	1
165	5.69	1
1	3.96	2
1	3.97	1
39	0	1
82	4.83	1
20	6.72	1
89	5.64	1
1365	5.03	1
49	5.59	5
58	4.82	1
49	5.53	1
89	5.62	1
49	5.56	2
107	4.84	1
94	4.79	1
4	8.68	1
36	5.18	1
83	5.72	1
103	5.73	1
4	5.83	9
141	4.69	1
138	5.44	1
94	4.75	1
62	5.7	5
46	0	1
144	5.74	1
171	4.77	1
919	4.73	1
45	5.64	7
10	6.53	13
83	5.76	1
189	5.59	1
201	5.7	1
288	5.62	1
189	5.53	1
45	5.62	7
225	4.69	1
118	5.7	2
1	2.77	3
84	5.69	2
84	5.68	1
49	4.76	1
84	5.66	4
1	1.6	36
84	5.62	2
19	0	2
5	6.18	11
26	6.29	1
16	6.56	4
3	1.63	1
80	5.75	2
80	5.72	1
80	5.73	1
178	4.75	2
178	4.72	1
20	5.7	23
20	5.8	1
346	4.77	1
16	5.8	1
698	5.7	1
132	4.8	1
104	5.64	1
133	5.64	1
32	7.44	1
57	5.7	4
10	7.37	1
104	5.62	1
197	5.72	1
9	5.77	27
104	5.69	1
104	5.68	1
133	5.68	1
196	5.49	1
312	4.62	1
7	7.29	3
450	5.64	1
10	5.82	5
169	5.66	1
9	1.88	2
1	6.53	493
88	5.69	2
222	5.62	1
357	5.64	1
1	6.56	614
19	4.83	1
3	1.83	3
38	5.69	12
1	6.59	809
2	11.49	1
77	5.29	1
32	6.37	1
70	5.62	5
45	5.56	2
20	5.64	12
70	5.66	7
7	7.44	3
70	5.64	3
34	4.82	1
70	5.68	4
70	5.69	3
122	5.64	1
45	5.59	4
18	5.8	3
14	5.64	16
2	7.72	59
14	5.66	20
1	2.76	2
2	7.77	13
2	7.76	6
14	5.62	10
98	5.74	2
4	6.18	9
1	2.71	1
2	7.79	1
2	7.78	2
14	5.68	41
14	5.69	39
125	5.37	1
4	6.82	3
48	5.75	1
82	5.37	1
1	2.72	1
101	5.64	1
131	4.64	1
484	4.75	1
71	5.7	3
139	5.62	1
119	5.53	1
139	5.66	2
139	5.69	1
139	5.68	2
26	6.74	1
5	7.77	1
414	5.37	1
277	4.75	1
277	4.73	1
14	6.56	4
104	5.7	2
95	4.81	1
325	4.68	2
45	6.59	1
153	4.78	1
153	4.75	1
153	4.77	1
141	5.29	1
160	5.7	2
16	7.37	1
11	5.37	1
3	8.56	3
6	5.95	1
30	5.75	7
240	5.62	1
240	5.66	1
1	1.7	14
11	5.88	1
29	5.44	1
102	5.44	1
11	5.81	1
11	5.83	1
11	5.82	2
262	5.68	1
90	5.44	1
29	5.49	2
206	5.68	1
299	5.37	1
142	5.7	1
206	5.64	2
7	9.59	1
3	1.64	1
10	5.56	15
172	4.8	1
10	5.53	9
15	6.49	3
14	6.7	2
172	4.7	1
103	5.59	3
3	1.68	1
4	1.86	2
105	5.75	1
22	5.64	9
22	5.66	18
99	5.56	2
157	6.53	1
22	5.62	10
247	4.75	1
303	4.37	1
2	2.69	2
22	5.69	22
264	4.7	1
247	4.73	1
8	2.84	1
6	6.44	15
9	6.03	2
20	5.44	1
37	4.75	1
1	1.42	4
20	5.49	2
5	5.64	42
2	1.7	5
2	1.6	5
2	1.5	5
3	2.59	1
19	6.03	1
181	4.69	1
194	4.72	1
50	5.59	3
30	0	2
143	5.49	1
162	5.49	1
15	6.44	1
504	5.53	1
134	5.49	1
448	5.53	1
188	5.68	1
24	6.18	1
8	7.59	1
1	1.3	4
161	4.75	1
47	6.53	1
102	4.7	1
37	5.56	3
3	1.84	3
37	5.53	4
18	0	1
51	5.44	1
138	5.59	1
37	5.59	4
39	5.69	13
39	5.68	6
307	4.7	1
203	5.56	1
111	5.72	1
39	5.62	6
111	5.74	1
39	5.64	2
39	5.66	8
76	5.68	3
100	0	1
58	5.66	3
85	5.69	6
58	5.62	1
85	5.62	2
76	5.62	3
85	5.66	3
58	5.69	3
85	5.64	1
9	7.37	1
167	5.66	1
76	5.64	2
58	4.75	1
361	4.79	1
78	4.74	1
27	5.73	13
27	5.72	10
27	5.75	14
27	5.74	9
161	5.56	2
5	1.64	2
17	5.37	2
31	4.81	1
224	4.7	1
72	5.53	1
64	4.82	1
41	4.74	1
64	4.81	1
72	5.59	2
411	5.44	1
6	8.72	1
37	6.29	1
2	6.89	4
30	6.62	1
79	4.7	1
8	5.79	13
216	4.7	1
30	6.64	1
67	4.76	1
514	5.69	1
2	6.83	2
79	4.8	1
1	7.81	4
2	6.87	2
12	5.44	5
58	4.77	2
8	5.76	23
88	6.37	1
84	4.75	1
237	4.74	1
16	5.7	27
165	4.79	1
259	5.56	1
165	4.72	1
84	4.76	2
165	4.74	1
165	4.75	1
165	4.76	1
8	5.72	71
4	2.87	1
28	6.29	1
116	4.82	1
164	4.78	1
5	7.29	2
1	7.89	1
5	7.66	11
88	5.7	3
43	4.75	1
24	6.66	3
19	5.62	13
13	5.8	3
121	5.59	4
19	5.66	17
19	5.64	11
0	0	9
19	5.69	21
19	5.68	27
204	4.8	1
13	5.7	41
12	7.72	1
24	6.69	2
211	4.78	1
21	6.29	2
118	5.62	2
118	5.64	3
5	1.69	1
118	5.68	3
118	5.69	1
32	5.7	19
144	5.62	1
144	5.64	2
112	4.64	1
5	6.66	79
43	4.79	1
5	6.64	65
210	4.72	1
5	6.62	73
210	4.76	1
1	5.81	47
84	4.78	1
1	5.83	22
1	5.82	67
1	5.85	20
168	4.66	2
5	6.68	78
5	6.69	69
225	4.75	1
225	4.77	1
82	5.59	2
147	5.59	1
220	6.37	1
225	4.72	1
52	5.7	7
15	1.89	1
189	5.64	1
314	5.72	1
189	5.62	1
16	5.81	1
307	4.68	1
112	5.49	2
52	5.53	2
439	4.77	1
52	5.56	2
84	5.72	1
84	5.73	1
52	5.59	2
159	5.49	1
84	5.74	2
4	6.95	3
53	4.82	1
1	5.3	3
1	8.18	7
82	5.56	1
802	5.59	1
230	4.69	1
37	5.74	2
35	0	1
81	5.7	1
147	5.53	1
28	5.69	14
37	5.75	3
113	5.72	2
182	4.8	1
28	5.64	9
133	5.56	2
333	5.68	1
113	5.74	1
78	5.56	3
255	5.7	2
78	5.59	5
59	5.73	1
1	3.27	1
59	4.8	1
52	4.76	1
136	5.69	1
52	4.74	2
52	4.75	1
135	5.74	1
1132	4.59	1
169	5.72	1
136	5.66	1
196	5.7	1
169	5.7	1
53	5.44	1
52	5.73	2
11	6.56	7
367	5.59	1
8	9.56	1
45	5.44	1
151	5.64	2
151	5.62	1
4	7.56	8
85	5.44	1
4	5.53	9
45	5.49	1
4	5.56	23
181	5.37	1
2	8.37	4
14	5.53	5
78	4.75	1
323	5.73	1
89	5.49	2
14	5.56	8
14	5.59	14
84	5.76	1
61	4.78	1
64	5.53	1
2	2.75	3
131	4.76	1
2	3.23	1
359	5.73	1
2	2.77	1
155	5.44	1
102	5.69	1
102	5.68	1
102	5.66	2
102	5.64	1
102	5.62	1
153	4.8	1
45	4.84	1
90	5.59	2
14	6.68	8
78	6.37	1
50	5.76	1
50	5.75	2
50	5.74	1
137	4.82	1
50	5.72	2
137	4.81	1
153	4.82	1
57	5.75	1
36	6.03	1
16	1	1
46	5.72	4
55	5.62	7
79	4.83	1
62	4.78	1
55	5.64	7
17	6.68	2
55	5.69	2
55	5.68	5
87	5.66	1
62	4.73	2
17	6.69	5
3	7.74	7
172	5.89	1
29	5.37	1
27	5.59	4
297	5.64	1
230	4.68	1
86	4.74	1
155	4.81	1
10	6.68	13
57	5.56	2
151	5.7	2
724	5.49	1
57	5.53	2
105	4.68	1
186	4.66	1
57	5.59	4
206	5.72	1
3	1.52	2
3	1.54	2
274	4.8	1
10	5.44	1
3	1.57	4
3	1.58	1
70	4.66	1
22	5.72	16
22	5.73	10
132	5.44	1
22	5.74	11
22	5.75	12
312	4.77	1
4	7.59	9
71	5.44	1
234	5.53	1
147	5.7	1
20	5.59	9
20	5.56	9
234	5.59	1
20	5.53	3
121	4.83	1
71	5.68	5
237	5.72	1
237	5.7	1
1	6.97	1
28	5.66	15
3	2.64	1
3	2.67	1
2	8.49	7
14	6.74	1
120	5.72	1
31	5.59	8
662	4.78	1
162	5.75	1
366	5.66	1
5	7.53	6
4	5.44	1
28	5.62	5
11	5.96	1
11	5.95	1
20	6.37	1
441	5.66	1
161	4.66	1
83	4.77	1
123	5.53	1
39	5.74	3
39	5.75	3
39	5.72	7
39	5.73	8
5	5.44	5
1	6.95	9
411	4.76	1
111	5.68	2
23	4.85	1
199	5.7	1
78	5.7	3
203	5.49	1
76	5.59	3
18	5.29	1
27	5.66	12
67	5.49	1
27	5.64	8
12	5.89	1
27	5.62	5
285	4.62	1
58	5.56	4
58	5.59	1
56	5.73	2
27	5.68	16
27	5.69	19
41	6.49	1
473	4.78	1
73	5.64	3
6	1.84	2
73	5.62	4
6	1.86	1
20	7.53	1
8	7.56	3
72	5.73	2
223	5.37	1
73	5.69	2
73	5.68	4
173	5.62	1
56	5.77	1
173	5.69	1
185	5.66	1
23	6.69	2
17	5.44	1
37	6.53	1
693	5.75	1
456	5.49	1
72	5.49	2
208	5.59	1
58	6.62	1
12	5.59	12
168	4.7	1
3	2.86	1
3	2.87	2
461	4.74	1
3	2.82	1
237	4.68	1
74	4.75	1
61	4.8	1
8	7.49	3
36	5.7	10
343	4.79	1
377	4.79	1
83	5.62	2
226	4.73	1
83	5.64	3
83	5.66	3
83	5.68	1
83	5.69	2
377	4.72	1
5	10.49	1
165	4.66	1
72	4.81	1
9	7.56	2
541	4.62	1
5	7.18	2
349	5.53	1
20	5.37	1
541	4.68	1
154	5.68	2
49	5.74	3
567	5.66	1
15	6.66	4
49	5.73	2
49	5.72	2
33	6.03	1
154	5.66	2
163	5.62	1
19	5.72	18
19	5.73	12
19	5.74	13
19	5.75	13
163	5.64	1
19	5.77	3
19	5.78	3
68	5.37	1
66	5.18	1
134	5.59	1
15	5.66	21
15	5.64	12
15	5.62	18
392	4.77	1
138	5.66	1
138	5.64	1
3	9.75	1
15	5.69	33
1626	4.73	1
5	6.75	34
5	6.74	38
5	6.77	6
5	6.76	7
25	5.82	1
80	5.7	5
5	6.73	44
5	6.72	50
1	7.76	25
2	5.81	43
149	4.8	1
2	5.83	10
1	7.72	221
1	7.73	142
2	5.86	1
189	5.73	1
11	6.59	12
66	5.59	1
5	8.29	1
9	7.59	3
115	5.66	1
52	5.44	2
191	5.64	1
1	10.59	3
666	4.72	1
191	5.68	1
36	5.59	3
23	5.7	18
1	4.29	1
4	6.81	3
4	6.86	1
4	6.84	2
11	6.53	10
211	4.56	1
99	4.72	1
390	5.69	1
113	5.69	2
113	5.68	1
26	5.49	2
723	4.73	1
28	5.74	5
113	5.64	2
212	4.7	1
113	5.66	1
28	5.72	18
28	5.73	9
4	5.59	27
1	10.56	2
9	7.7	2
422	5.68	1
10	7.53	1
473	4.68	1
222	5.7	2
80	4.74	1
382	4.68	1
80	4.76	1
173	4.82	1
19	5.56	3
80	4.73	1
9	5.7	57
9	5.8	10
12	5.56	17
196	5.64	1
12	5.53	4
26	5.7	11
136	5.75	1
137	5.44	1
4	5.64	38
21	0	2
4	5.66	70
53	5.53	2
11	6.49	8
4	5.62	45
21	1	1
11	6.44	9
148	5.7	2
47	5.7	11
175	5.53	1
4	5.68	83
4	5.69	86
175	5.56	1
3	6.82	3
2	8.29	5
284	5.03	1
45	5.73	3
45	5.72	6
65	5.73	1
2	0	2275
3	5.86	1
108	5.53	1
733	4.66	1
17	5.8	2
154	0	1
14	5.49	2
18	4.75	1
199	4.66	1
89	5.72	3
10	6.72	9
10	6.73	3
52	6.03	1
244	4.7	1
369	4.53	1
65	4.75	1
65	4.77	1
403	5.62	1
16	4.8	1
403	5.64	1
102	5.53	1
139	5.03	1
9	6.72	11
8	1.64	1
9	6.37	6
122	5.7	3
55	4.77	1
10	6.62	9
50	5.68	4
50	5.69	8
50	5.64	4
14	6.73	1
50	5.66	10
50	5.62	5
55	4.78	1
57	6.69	1
14	4.83	1
157	4.7	1
10	6.66	14
406	5.37	1
270	4.75	1
2	9.69	2
10	6.69	6
55	5.72	2
55	5.73	4
55	5.74	3
22	6.69	1
112	5.37	3
246	4.7	1
22	6.64	2
22	6.66	1
59	5.66	2
59	5.64	1
59	5.62	2
29	5.29	1
59	5.69	2
59	5.68	3
216	4.69	2
57	5.62	1
57	5.64	3
57	5.66	5
57	5.69	5
57	5.68	5
16	6.62	6
2	7.81	3
216	4.64	1
216	4.66	2
2	8.62	20
88	5.49	2
40	5.49	1
3	6.59	212
3	1.44	1
304	5.56	1
71	5.59	2
79	5.53	1
5	6.37	36
79	5.56	1
273	4.78	1
71	5.53	3
7	7.53	3
71	5.56	1
1	6.85	4
7	7.7	1
121	4.73	1
121	4.74	1
121	4.76	1
13	6.37	6
101	5.44	1
4	7.77	2
15	5.59	8
73	4.79	1
24	5.53	3
3	2.71	1
3	2.76	1
3	2.75	1
162	5.64	1
3	6.83	2
115	5.64	1
366	5.56	1
115	5.62	2
162	5.62	1
297	4.72	1
162	5.69	2
162	5.68	1
13	5.96	1
115	5.68	2
5	8.49	1
303	5.73	1
229	4.7	1
123	5.66	1
123	5.64	1
9	8.49	1
224	5.53	1
2	5.94	1
3	8.37	2
123	5.68	2
108	5.68	2
1	9.59	6
203	5.73	1
67	5.73	3
67	5.72	3
111	5.56	1
37	0	1
76	5.49	1
111	5.53	1
308	4.75	1
108	5.66	2
156	5.56	1
91	5.62	3
285	4.73	1
58	5.49	2
54	4.75	2
58	5.44	2
9	6.29	9
116	5.7	2
8	6.37	16
24	5.56	5
7	1.84	1
30	5.59	4
73	5.72	4
73	5.73	1
161	5.37	1
117	4.66	1
54	4.8	1
17	5.59	11
56	5.37	1
28	6.37	2
23	6.72	1
15	6.29	3
17	5.56	5
185	5.72	1
8	7.73	2
37	6.44	1
25	6.37	1
40	6.03	1
4	1.79	4
498	5.66	1
218	5.37	1
217	5.53	1
30	6.49	2
4	7.76	1
260	4.8	1
44	6.18	1
11	3.74	1
4	8.73	1
26	6.44	2
35	5.8	1
147	4.77	1
35	5.7	15
1	2.78	4
7	1.88	1
4	7.18	6
19	4.85	1
106	4.77	3
244	5.66	1
83	5.59	2
42	5.69	6
82	4.76	2
74	5.53	2
83	5.56	1
83	5.53	1
13	0	5
33	6.37	1
12	5.49	3
69	4.82	1
85	5.7	4
163	4.75	1
5	7.03	3
7	5.18	1
65	5.62	3
49	5.62	5
134	5.68	1
293	4.64	1
49	5.66	8
49	5.64	5
134	5.62	6
50	5.73	1
49	5.68	6
137	4.69	1
134	5.66	1
17	6.44	1
145	5.66	1
145	5.62	1
673	4.68	1
60	5.56	2
14	6.62	3
145	5.68	1
616	5.59	1
15	5.74	28
15	5.75	24
15	5.76	6
15	5.77	10
2	5.93	1
7	5.7	80
15	5.72	41
15	5.73	35
7	5.8	18
3	9.66	1
15	5.78	1
27	6.29	2
118	5.49	2
120	5.64	1
5	6.44	33
1	7.68	265
91	5.64	1
5	6.49	52
1	11.49	3
1	7.66	278
158	5.73	1
120	5.62	2
35	5.29	1
60	5.59	2
15	6.62	1
131	5.68	1
96	5.44	1
279	5.37	1
76	4.7	1
52	5.75	3
52	5.74	1
52	5.77	1
43	5.7	12
52	5.72	5
1	6.78	70
2	6.76	52
4	6.76	12
280	4.74	1
58	5.75	1
253	4.7	2
4	6.72	84
4	6.73	68
3	6.89	1
28	5.49	3
26	5.59	6
61	5.64	2
26	5.56	8
63	5.59	1
28	5.44	1
26	5.53	2
2	6.37	109
131	5.62	1
47	4.81	1
79	4.81	1
61	5.73	2
61	5.72	6
6	11.56	1
61	5.77	1
18	1	2
78	5.73	1
61	5.74	1
31	6.7	1
196	5.72	1
55	6.7	1
25	4.83	1
18	6.49	1
1	3.68	1
1599	4.73	1
34	6.66	1
136	5.44	1
18	6.44	3
158	4.75	1
158	4.76	1
55	5.66	1
4	5.73	122
4	5.72	120
94	5.74	1
4	5.77	96
53	5.68	8
4	5.75	185
4	5.74	107
53	5.64	3
4	5.79	51
4	5.78	31
11	6.75	4
143	5.53	1
6	6.18	4
94	5.72	1
89	5.66	2
65	5.66	4
82	5.73	2
92	4.85	1
93	5.7	3
45	5.68	14
45	5.69	6
45	5.66	5
82	5.74	1
176	5.7	1
65	5.68	3
65	5.69	6
89	5.68	1
89	5.69	3
175	4.66	1
338	4.73	1
10	6.03	9
199	4.75	2
2	1.69	5
199	4.72	1
421	5.72	1
9	6.56	20
2	1.66	7
7	6.18	5
47	4.75	1
6	5.84	1
222	4.75	2
55	4.81	1
6	5.81	7
6	5.82	8
6	5.83	3
13	5.76	10
8	1.78	1
3	6.77	19
175	4.81	1
59	5.7	2
13	5.74	39
8	1.75	1
301	4.77	1
6	5.66	62
6	5.64	47
6	5.62	41
527	4.75	1
50	5.53	1
17	1	1
6	5.68	73
6	5.69	75
2	9.75	1
32	4.75	1
1	8.79	1
390	4.64	1
19	5.7	25
1	2.8	1
55	5.49	1
96	4.82	1
22	6.53	1
122	4.8	1
39	5.7	9
256	5.73	1
29	5.18	2
417	4.8	1
19	6.56	5
54	5.7	9
3	5.29	2
39	4.8	1
87	4.77	1
4	7.7	9
22	5.7	24
3	6.81	5
13	5.78	2
159	5.66	1
57	5.74	1
13	5.79	6
57	5.72	5
57	5.73	3
216	4.75	1
96	5.37	1
1	8.82	2
71	5.64	3
4	5.7	107
332	5.76	1
1	8.86	1
2	7.82	1
71	5.62	2
212	4.77	1
46	5.49	4
2	2.55	2
71	5.69	6
4	5.8	42
120	5.37	1
10	7.7	2
79	5.69	3
79	5.68	6
79	5.64	4
79	5.66	2
62	5.37	1
79	5.62	5
121	4.62	1
13	6.29	7
26	6.37	1
39	4.75	2
121	4.68	1
226	4.77	2
227	4.72	2
127	4.72	1
54	5.03	1
227	4.75	1
23	6.7	1
115	5.53	1
3	6.76	20
108	5.49	1
2	5.7	153
30	5.7	13
6	6.29	20
34	5.68	14
297	4.64	1
110	5.68	3
110	5.69	1
20	6.59	1
262	5.59	1
20	6.53	1
110	5.62	1
110	5.64	2
20	6.56	2
110	5.66	4
18	4.8	1
2	7.7	74
9	10.56	1
132	5.62	1
224	5.69	2
215	4.82	1
88	5.44	1
132	5.68	2
95	5.62	1
60	5.29	1
67	5.62	3
30	5.56	3
156	5.68	1
156	5.69	1
67	5.66	3
111	5.44	2
67	5.64	1
156	5.62	1
719	5.37	1
67	5.68	3
67	5.69	2
156	5.66	2
18	6.7	1
156	5.64	1
3	1.55	1
210	5.7	2
147	4.68	1
74	5.59	3
74	5.56	3
200	5.56	1
183	5.37	2
200	5.53	1
23	5.49	1
117	4.79	2
7	6.77	2
35	4.68	1
8	7.69	4
8	6.29	9
117	4.72	1
283	4.75	1
5	2.83	1
10	5.49	2
164	5.69	2
23	6.49	2
164	5.66	2
56	5.29	1
116	5.64	1
3	5.7	141
2	6.59	359
2	6.56	266
177	4.81	1
2	6.53	222
3	5.8	58
86	4.81	1
119	5.49	1
30	6.59	1
19	6.53	2
229	5.29	1
30	6.53	2
124	4.77	1
19	6.59	2
237	4.83	1
8	7.64	1
185	4.53	1
8	7.62	5
28	4.8	1
123	5.72	2
1	1	1810
1	0	11774
1	2.79	2
2	5.8	94
83	5.49	1
30	6.18	1
210	5.68	1
178	5.59	1
104	5.73	2
5	7.79	1
1	2.69	4
5	7.72	3
5	7.73	2
33	6.29	1
43	6.69	1
22	5.78	1
5	7.74	1
100	4.82	1
9	7.66	2
56	5.56	2
145	5.73	1
133	5.73	1
134	5.73	2
150	5.64	1
17	5.64	22
17	5.66	23
3	1.7	1
195	5.69	1
17	5.62	14
66	5.37	1
24	6.37	1
17	5.69	32
17	5.68	28
3	9.59	3
328	4.77	1
248	5.53	1
1	5.59	22
1	5.56	29
1	5.53	35
1	7.59	269
1	2.67	1
5	6.59	84
5	6.56	64
1	7.53	245
5	6.53	55
1	7.56	218
106	5.53	1
19	5.53	2
47	5.37	2
5	7.76	1
148	5.68	3
135	5.7	1
52	5.68	10
52	5.69	7
118	4.78	1
47	5.44	1
15	6.03	2
52	5.62	2
40	5.7	6
118	4.76	1
5	7.75	1
52	5.66	8
52	5.64	6
28	5.56	4
444	5.62	1
4	6.69	119
4	6.68	138
4	6.64	105
4	6.66	120
25	6.56	3
1	2.65	1
28	5.59	7
18	5.73	19
18	5.72	30
11	5.7	53
18	5.77	6
18	5.76	6
18	5.75	11
18	5.74	9
96	5.7	2
18	5.79	1
26	5.62	10
26	5.64	5
26	5.66	14
61	5.68	4
61	5.69	4
78	5.68	2
288	4.73	1
137	5.29	1
2	1.81	10
2	1.82	8
72	5.69	3
78	5.62	2
61	5.62	3
78	5.66	2
61	5.66	3
12	5.79	6
12	5.78	3
136	5.53	1
18	6.59	2
358	4.78	1
136	5.56	1
136	5.59	1
12	5.73	39
12	5.72	43
12	5.75	34
12	5.74	43
12	5.77	7
12	5.76	14
119	4.75	1
9	7.03	1
77	5.68	7
272	4.53	1
6	6.03	13
4	5.89	1
53	5.72	4
11	5.8	7
4	5.84	1
4	5.85	2
175	5.72	1
77	5.66	2
53	5.74	2
4	5.81	21
20	6.64	4
119	4.7	1
1	1.57	17
10	1.89	1
65	5.56	1
65	5.59	3
1682	4.62	1
31	6.37	2
648	4.69	1
6	7.66	1
421	5.69	1
175	4.72	1
146	4.8	2
7	6.29	8
19	5.59	8
440	5.68	1
11	5.64	22
2	7.74	25
50	5.7	10
4	5.95	2
50	5.44	1
61	5.75	1
150	5.62	1
125	5.7	1
4	0	326
4	1	100
6	7.49	2
6	5.75	106
6	5.74	85
6	5.77	44
6	5.76	43
6	5.73	123
6	5.72	114
6	5.79	13
6	5.78	26
348	4.64	1
22	6.44	1
53	4.75	1
3	7.77	2
53	4.78	1
8	6.53	17
22	6.49	1
11	6.66	5
112	5.56	1
11	6.64	8
55	5.59	5
11	6.62	15
13	5.82	1
55	5.53	3
73	5.18	1
11	6.68	10
11	6.69	9
8	6.7	23
297	5.56	1
59	5.49	4
212	5.62	1
256	5.69	1
70	5.72	2
8	6.59	29
4	5.37	1
79	4.73	1
27	6.37	1
3	6.95	2
3	6.96	2
79	4.78	1
71	5.72	3
71	5.73	2
395	5.56	1
1	8.95	2
71	5.74	3
71	5.75	2
303	4.75	1
41	5.53	1
100	5.69	1
1	7.8	10
400	4.75	1
41	5.56	4
79	5.72	1
79	5.73	1
41	5.59	7
3	1.77	1
1	7.7	277
79	5.74	2
79	5.75	1
49	5.7	6
1172	5.69	1
38	1	1
4	8.29	1
11	5.91	1
113	4.73	1
35	5.77	1
54	5.73	1
54	5.72	5
10	6.44	10
179	5.69	1
1	5.19	1
54	5.75	2
54	5.74	2
235	4.8	1
14	5.73	27
123	5.56	1
179	5.66	1
35	6.59	1
13	6.56	6
395	4.75	1
2	7.62	49
17	5.79	3
559	4.75	1
18	4.82	1
228	5.66	1
6	6.74	11
101	4.82	1
15	6.59	6
77	5.18	1
220	5.64	1
73	4.73	2
110	5.72	1
54	6.56	1
220	5.69	1
20	6.44	1
110	5.75	1
1	1.33	2
77	5.62	1
99	5.53	2
88	5.59	1
405	5.59	1
88	5.56	2
2	6.03	58
13	7.72	2
193	4.79	1
193	4.78	1
111	5.37	1
10	6.49	12
21	6.59	4
119	4.73	1
98	4.77	2
488	4.78	1
156	5.72	2
58	5.29	1
74	5.49	1
74	5.44	2
27	5.37	1
67	4.8	1
117	4.81	1
117	4.83	1
73	5.59	1
73	5.56	6
190	5.69	1
73	5.53	1
3	9.62	1
5	3.49	1
94	5.64	2
94	5.66	4
164	5.59	1
23	6.53	2
94	5.62	2
1	7.69	275
272	4.75	1
37	6.68	1
5	1.82	3
2	6.49	175
37	6.62	1
276	5.64	1
218	5.56	1
43	5.73	6
43	5.72	7
19	6.44	1
45	5.7	5
39	4.81	1
154	4.72	1
39	4.83	1
107	4.7	1
211	5.68	1
318	5.66	1
46	5.62	5
76	5.56	1
126	4.7	1
46	5.66	5
523	5.56	1
7	0	59
46	5.69	7
46	5.68	6
17	6.72	2
170	5.37	1
5	5.59	25
50	5.56	2
37	6.7	1
5	5.53	13
194	4.82	2
5	5.56	10
10	5.7	62
2	3.97	1
5	7.69	5
5	7.68	3
44	5.56	2
997	5.53	1
44	5.53	1
6	7.03	2
153	5.49	1
5	7.62	13
40	6.68	1
167	4.73	1
119	5.66	3
68	5.62	2
6	6.72	42
68	5.66	4
68	5.64	3
124	4.7	2
68	5.68	6
104	0	1
17	5.72	37
17	5.73	28
66	5.49	1
167	4.79	1
17	5.76	9
17	5.77	7
17	5.74	24
17	5.75	22
222	5.69	1
129	5.66	1
17	5.78	1
195	5.59	1
4	7.73	1
118	4.79	1
10	6.77	1
119	5.68	1
209	4.8	1
15	5.56	9
1	5.44	9
412	4.62	1
15	5.53	7
1	7.49	193
10	5.8	7
19	5.81	1
385	5.73	1
5	6.29	25
6	7.62	5
12	6.29	5
51	5.69	4
51	5.68	6
341	5.59	2
51	5.66	8
314	4.8	1
51	5.64	2
1	2.88	1
21	5.78	2
196	4.78	1
4	7.72	18
115	0	1
196	4.73	1
191	5.37	1
169	4.56	1
393	4.76	1
4	1.84	1
4	1.85	1
211	5.7	1
105	4.66	1
12	6.78	1
73	6.44	1
15	6.37	6
167	4.64	1
136	4.69	2
26	5.76	2
4	6.59	111
109	5.64	1
26	5.75	7
26	5.72	16
26	5.73	12
10	6.82	1
176	5.59	1
4	6.53	104
4	6.56	103
23	5.78	1
45	4.83	1
18	5.62	8
12	6.7	6
18	5.64	23
2	7.66	74
18	5.66	16
18	5.68	21
18	5.69	34
125	4.82	1
61	5.59	3
140	5.49	1
28	5.53	2
12	5.66	28
12	5.64	24
126	4.72	1
131	5.72	3
201	4.7	1
73	5.66	5
6	1.87	1
12	5.68	37
12	5.69	42
581	4.69	1
64	5.66	2
167	5.29	1
64	5.62	2
2	7.59	75
5	7.64	9
18	6.62	2
346	5.64	1
64	5.69	3
18	6.66	3
8	5.82	1
92	5.56	1
175	5.62	1
8	5.86	2
262	4.75	1
8	5.84	2
6	6.37	33
175	5.69	1
175	5.68	1
77	5.72	2
77	5.73	2
77	5.74	1
77	5.75	1
92	5.59	1
16	6.68	3
132	5.7	1
24	5.68	13
65	5.49	1
133	4.75	2
7	5.96	1
173	4.78	1
10	6.29	9
24	5.66	20
11	1.72	1
24	5.64	12
7	6.37	27
306	4.79	1
270	5.66	1
103	4.83	2
199	4.53	1
26	5.68	24
2	8.72	9
2	8.73	7
8	8.53	1
2	8.75	5
63	4.76	1
622	4.83	1
5	8.44	1
1	5.27	1
53	5.7	8
63	4.78	1
222	4.59	1
309	5.37	1
471	4.77	1
260	5.66	1
178	5.7	1
9	6.7	19
260	5.62	1
206	4.73	2
6	7.53	2
23	6.66	1
2	1.8	10
255	5.18	1
6	7.59	3
59	4.75	1
59	4.74	1
65	4.82	1
6	5.44	2
6	5.49	4
2	1.64	4
274	5.53	1
87	6.56	1
191	5.7	1
112	5.68	4
112	5.69	1
28	5.78	1
7	6.53	24
45	4.82	1
110	4.75	1
112	5.62	1
323	4.68	1
112	5.66	2
5	2.82	1
112	5.64	1
67	5.7	2
7	5.66	47
11	6.18	4
2	3.67	1
272	4.64	1
228	5.7	1
28	5.79	2
16	6.74	1
9	6.77	1
1	9.03	1
59	5.59	2
227	5.74	1
59	5.53	3
2	9.72	2
78	5.69	4
376	5.66	1
17	4.83	1
10	5.81	1
23	6.68	1
3	4.3	1
65	5.7	3
6	2.38	1
171	5.56	1
131	5.44	2
262	5.7	1
171	5.53	1
9	6.62	18
7	5.77	35
7	5.74	79
353	5.68	1
7	5.72	84
7	5.73	94
9	6.64	18
98	4.8	1
41	5.49	1
9	6.68	13
41	5.72	9
10	8.75	1
870	4.77	1
7	5.79	22
1	8.44	15
249	4.73	1
2	5.75	248
101	4.56	1
1	8.49	26
2	8.18	1
54	5.62	3
1	8.56	35
54	5.64	7
309	5.53	1
54	5.66	6
54	5.68	4
54	5.69	6
13	5.44	2
171	4.79	1
20	6.74	2
120	4.79	2
117	5.53	1
16	5.49	1
117	5.59	1
226	5.59	1
172	5.7	1
120	4.74	1
146	4.82	1
87	4.56	1
23	5.44	1
3	7.03	10
110	5.49	1
4	8.59	2
110	5.44	1
1	6.88	3
27	6.59	1
202	5.68	1
434	4.75	1
88	5.68	1
48	5.49	1
40	5.53	4
4	7.68	7
305	5.66	1
40	5.56	4
40	5.59	8
88	5.64	3
48	5.44	2
6	6.7	29
30	5.73	7
30	5.72	12
345	5.59	1
30	5.74	8
30	5.77	3
28	5.76	2
12	6.74	1
118	5.53	1
1	2.84	8
134	5.53	1
23	6.37	3
1	2.83	2
142	4.66	1
74	5.72	5
74	5.75	1
3	3.83	1
190	5.73	1
123	4.73	1
3	6.44	74
30	4.79	1
9	9.56	1
49	5.49	1
4	7.66	9
18	6.53	4
306	4.73	1
13	1	5
3	6.49	116
94	5.59	1
100	5.49	1
389	4.56	1
94	5.53	1
164	5.49	1
94	5.56	1
2	6.78	16
69	5.18	1
43	5.68	13
43	5.69	11
7	8.74	1
43	5.64	6
2	6.72	372
2	6.73	316
2	6.74	231
2	6.75	243
43	5.62	2
2	6.77	63
19	6.73	2
54	5.56	1
19	6.75	1
176	5.69	1
19	6.77	1
60	4.84	1
33	5.7	16
176	5.62	1
37	4.81	1
4	5.86	1
185	4.74	1
46	5.73	5
46	5.74	2
46	5.75	4
23	5.29	1
24	5.44	1
46	5.79	1
17	6.66	5
185	4.78	1
185	4.79	1
5	5.49	5
3	1.76	1
5	7.56	7
208	4.7	2
174	5.53	1
4	5.82	18
14	1	1
3	2.81	1
174	5.56	1
68	4.79	2
289	5.68	1
48	5.7	7
44	5.62	3
153	5.72	1
153	5.73	1
44	5.66	8
44	5.69	7
44	5.68	11
53	5.75	2
68	5.72	2
68	5.73	1
68	5.75	1
814	5.64	1
2	5.49	2
79	5.7	1
2	10.66	2
282	4.7	1
385	4.76	1
266	4.69	1
12	6.62	8
66	5.53	1
66	5.56	1
1	5.78	104
1	5.79	162
15	5.29	1
1	7.37	214
180	5.56	1
119	0	1
1	5.72	185
1	5.73	188
1	5.74	145
1	5.75	394
1	5.76	185
1	5.77	212
187	5.68	3
184	5.7	1
1	2.82	1
11	1.86	1
1	2.94	1
51	5.74	1
51	5.75	5
3	1.79	5
397	5.75	1
51	5.72	6
51	5.73	6
10	5.68	43
126	5.44	2
56	5.7	4
5	5.03	1
62	5.77	1
279	5.64	1
4	1.95	1
7	1.86	1
7	1.85	1
62	5.75	1
115	4.7	1
77	4.76	1
385	5.59	1
105	5.66	2
179	4.8	1
217	5.37	1
33	5.77	1
114	5.64	1
10	6.18	1
114	5.66	1
9	5.96	1
124	4.79	1
114	5.68	3
43	1	1
131	5.69	2
110	5.59	3
6	8.59	1
1	4.23	1
18	5.59	9
18	5.56	9
18	5.53	3
131	5.66	1
6	7.56	2
52	4.8	1
18	6.75	2
18	6.72	2
47	4.79	2
2	1.68	7
8	5.59	16
56	5.75	2
182	5.56	1
11	7.75	2
2	1.65	1
2	1.62	1
2	1.63	3
64	5.74	1
64	5.75	1
98	5.56	1
64	5.72	4
64	5.73	3
118	5.37	1
12	7.29	1
64	5.78	1
164	4.7	1
3044	5.59	1
16	6.75	1
9	5.64	24
8	5.95	1
98	5.53	1
16	6.72	2
194	4.7	1
81	6.7	1
9	5.62	20
5	7.81	1
101	5.72	1
28	6.44	1
10	6.37	6
71	5.66	2
593	5.44	1
7	5.83	1
106	5.74	1
24	5.72	13
24	5.73	13
24	5.74	9
24	5.75	9
24	5.76	3
106	5.75	1
2	8.69	6
2	8.68	6
1	2.43	1
7	6.44	29
7	6.49	29
4	7.64	12
2	8.64	5
2	8.66	13
275	5.68	1
275	5.69	1
4	6.44	45
1	12.49	1
24	5.77	1
109	5.72	2
63	4.82	2
4	6.49	78
292	5.56	1
271	4.66	1
475	5.69	1
6	7.64	5
16	6.03	5
1141	5.59	1
23	1	4
6	7.68	4
6	7.69	4
57	4.69	1
324	5.59	1
234	5.03	1
6	5.59	21
6	5.56	16
6	5.53	14
216	5.68	1
2	10.72	1
22	6.29	1
15	6.72	2
11	5.03	1
112	5.73	1
6	5.96	2
11	6.03	2
272	4.78	1
198	5.7	1
962	5.03	1
14	6.29	3
64	0	1
69	5.62	2
42	5.56	2
3	5.78	43
3	5.79	64
7	5.82	3
95	5.69	3
95	5.68	2
3	5.72	155
3	5.73	132
108	4.83	1
3	5.76	67
3	5.77	135
3	5.74	101
3	5.75	204
32	4.83	1
9	7.74	1
3	8.69	5
9	7.72	2
8	5.87	1
7	5.81	2
22	6.72	1
95	4.75	1
17	6.62	2
146	4.77	1
10	8.49	1
6	0	94
257	5.7	1
7	5.64	34
9	6.73	9
628	5.72	1
9	6.75	4
9	6.74	5
110	4.72	1
7	5.62	37
41	5.74	5
146	4.74	1
7	5.69	76
7	5.68	60
41	5.73	4
172	4.73	1
385	4.7	1
19	5.76	4
1	8.53	32
308	5.53	1
1	8.59	41
5	5.96	2
60	5.7	10
54	5.59	6
13	5.59	6
146	5.18	1
13	5.56	8
48	0	2
286	4.81	1
13	5.53	5
32	4.85	1
370	4.79	1
20	6.66	1
183	5.62	1
13	5.49	1
32	5.72	17
117	5.49	1
20	6.69	2
28	5.68	14
1	6.68	1254
70	5.7	8
76	5.72	2
5	6.95	2
8	5.7	81
3	7.37	17
59	5.56	2
8	5.8	4
2	3.52	1
124	4.73	1
48	5.59	2
106	5.72	1
4	1.6	1
40	5.69	13
40	5.68	6
118	5.72	1
786	4.75	1
40	5.64	5
40	5.66	6
142	5.74	1
131	5.7	2
48	5.56	3
40	5.62	5
74	5.66	3
74	5.64	4
22	4.8	1
74	5.62	2
286	5.49	1
30	5.68	10
30	5.69	11
30	5.66	11
20	1	1
30	5.64	11
30	5.62	6
146	4.76	1
74	5.68	7
74	5.69	1
183	5.64	1
199	0	1
72	5.7	5
142	4.78	1
106	4.81	1
142	4.75	1
24	5.8	1
183	5.68	2
13	6.73	3
13	6.72	5
8	6.78	1
3	6.56	151
295	5.7	1
3	6.53	137
13	6.74	2
8	6.72	17
8	6.73	9
8	6.76	5
8	6.77	2
224	4.74	1
8	6.75	6
2	6.66	388
2	6.64	324
2	6.62	341
126	5.59	1
19	5.44	1
13	8.37	1
2	6.69	490
2	6.68	427
43	5.59	3
46	4.82	1
78	4.8	1
96	5.69	5
6	7.7	6
2	9.44	1
15	5.68	29
445	4.75	1
828	5.66	1
43	5.56	4
198	5.68	2
185	4.68	1
345	4.75	1
19	6.68	2
19	6.69	1
19	6.66	1
466	5.62	1
185	4.62	1
19	6.62	3
17	6.59	1
96	5.62	1
23	5.59	6
124	5.72	3
88	5.72	2
46	4.84	1
170	5.59	1
122	5.59	1
23	5.53	5
46	5.44	1
17	6.53	4
132	5.56	1
2	2.86	1
23	5.56	7
141	5.66	1
149	4.7	1
153	5.69	2
153	5.68	1
1	7.78	9
5	7.44	2
133	4.77	2
5	7.49	3
153	5.62	2
239	4.8	1
153	5.64	3
8	6.03	4
153	5.66	1
16	7.7	1
189	4.81	1
207	4.72	1
194	5.68	2
194	5.69	1
1	7.77	43
44	5.76	1
194	5.66	1
44	5.75	1
44	5.72	5
129	5.7	3
194	5.62	1
66	5.64	1
66	5.66	3
150	5.59	1
66	5.62	1
95	5.66	1
2	5.84	5
66	5.69	6
66	5.68	8
150	5.53	1
2	5.85	11
1	6.94	1
23	4.79	1
23	4.76	1
267	4.78	1
287	5.72	1
77	4.96	1
5	6.03	19
1	7.29	103
27	6.62	1
4	2.27	1
27	6.64	1
51	5.49	3
397	5.69	1
278	4.77	1
278	4.76	1
278	4.75	1
841	4.78	1
126	5.72	1
18	6.29	3
278	4.79	2
278	4.78	1
306	5.69	1
168	4.75	1
1	2.61	1
3	1.75	1
98	5.73	2
98	5.72	2
191	5.18	1
46	5.7	5
123	5.7	1
219	4.82	1
305	4.73	1
5	5.74	98
5	5.75	140
5	5.76	45
5	5.77	73
2	7.44	42
5	5.72	111
5	5.73	111
15	6.53	3
5	5.78	19
5	5.79	40
135	5.68	2
9	5.81	2
257	5.72	1
63	5.72	3
143	5.44	1
9	5.87	1
75	5.44	1
16	7.03	1
140	5.62	1
48	4.8	1
202	4.77	1
13	6.18	1
25	6.62	2
305	5.59	1
140	5.7	2
135	5.66	1
2	1.79	11
219	5.49	1
399	4.73	1
3	8.59	8
2	1.75	3
63	5.56	4
34	6.29	1
3	4.81	1
63	5.53	1
2	1.73	1
148	4.69	1
6	7.44	12
1	5.66	96
1	5.64	89
1	5.62	84
22	5.37	1
64	5.49	1
102	1	1
2	10.29	1
1	5.69	184
1	5.68	96
264	4.69	1
211	5.44	1
92	5.72	2
92	5.74	1
285	5.62	1
16	6.49	4
6	6.53	32
153	5.75	1
87	5.74	2
87	5.73	1
87	5.72	2
7	7.59	3
2	8.56	8
264	5.69	1
2	8.53	13
2	8.59	12
2	5.37	1
180	5.62	1
7	6.56	19
92	4.72	2
92	4.76	1
63	4.66	1
92	4.74	2
92	4.75	1
1	9.7	1
4	6.37	38
204	5.72	1
508	5.72	1
322	5.53	1
53	5.73	1
33	5.69	12
6	7.77	1
6	7.76	1
6	7.75	2
6	7.74	5
6	7.73	1
16	6.29	4
2	2.66	2
36	6.66	2
85	5.73	1
76	5.74	3
139	5.8	1
31	5.49	2
7	7.75	2
23	8.29	1
2	1.48	1
88	5.74	2
5	1	59
317	5.62	1
77	5.56	2
317	5.66	1
4	1.66	1
132	5.59	1
11	6.37	6
317	5.68	1
43	5.37	1
25	4.79	1
27	5.49	1
3	5.69	128
3	5.68	94
12	6.37	3
57	5.37	2
1	9.29	23
3	7.62	20
2	1.56	1
95	5.75	1
3	5.62	65
1	9.53	5
3	5.64	48
261	4.77	1
2	7.53	51
92	4.8	1
170	5.56	1
92	4.7	1
29	6.72	1
9	7.68	3
1	6.29	113
8	5.44	3
576	4.69	1
8	7.53	1
395	5.53	1
1	7.74	119
8	5.49	1
110	4.66	1
41	5.68	5
41	5.69	5
9	6.49	17
7	5.56	11
127	5.53	1
9	6.44	13
7	5.59	20
51	4.7	1
17	6.56	4
41	5.66	5
41	5.64	3
36	5.69	13
3	10.56	1
1	8.62	44
1	8.64	25
130	5.56	2
1	8.66	40
765	4.66	1
1	8.68	28
1	8.69	32
2	9.49	2
8	7.44	2
13	5.69	42
13	5.68	34
124	5.69	1
193	5.66	1
11	7.56	1
28	5.75	3
99	5.18	2
124	5.62	1
13	5.62	15
193	5.69	1
13	5.64	20
13	5.66	32
2	1.53	1
28	5.77	1
117	5.72	1
576	5.29	1
532	5.7	1
7	5.53	5
282	5.53	1
2	2.82	1
11	7.18	1
38	4.8	1
20	4.8	1
36	5.62	5
3	7.29	12
81	5.53	1
113	5.62	1
96	4.64	1
127	5.7	2
106	5.62	3
60	5.69	6
60	5.68	4
106	5.64	2
40	5.72	4
40	5.73	5
106	5.69	2
106	5.68	1
203	5.29	1
60	5.66	6
40	5.74	4
142	5.64	1
1	2.15	1
122	5.37	1
4	7.81	1
68	5.7	1
286	5.53	1
4	7.82	2
1	9.68	4
35	4.8	1
133	5.49	1
190	5.56	1
8	6.69	17
8	6.68	25
3	6.62	199
665	5.62	1
3	6.64	161
3	6.66	196
7	6.72	17
3	6.68	211
3	6.69	215
8	6.62	28
48	4.84	1
8	6.64	25
8	6.66	25
69	5.73	1
43	5.44	1
176	4.68	1
119	4.62	1
11	5.53	5
6	8.03	1
176	4.62	2
2	6.18	17
58	6.44	1
2	6.79	18
176	4.66	1
303	4.8	1
43	5.49	1
1	1.62	5
7	6.75	8
44	6.44	1
56	1	1
11	5.56	12
44	5.74	3
362	4.75	1
19	6.18	1
345	4.66	1
198	5.73	1
72	5.68	2
469	4.75	1
329	5.56	1
178	5.64	1
44	5.73	3
152	5.53	1
48	5.64	8
123	5.37	2
46	5.59	2
152	5.56	1
48	5.62	1
46	5.53	1
170	5.69	1
48	5.69	9
48	5.68	8
4	7.03	9
93	5.44	1
250	5.64	1
514	4.7	1
108	5.7	1
196	5.66	1
136	5.72	1
68	5.49	1
3	5.87	1
2	2.78	1
424	4.62	1
66	5.73	2
68	5.59	1
66	5.74	3
66	5.75	4
80	4.79	1
76	5.44	1
2	5.56	18
34	5.53	2
67	4.69	1
22	5.77	2
5	2.77	1
34	5.56	9
23	6.03	3
298	4.7	1
34	5.59	5
51	5.56	4
1	6.81	34
46	5.77	1
1	7.18	33
223	4.72	1
1	1.4	7
1	1.5	7
1	1.66	22
235	4.7	1
63	5.7	4
1	1.2	2
51	5.59	4
47	5.73	1
47	5.72	4
85	4.8	2
5	5.7	102
126	5.69	1
148	5.59	2
47	5.75	1
187	5.49	1
1	2.75	1
148	5.56	1
126	5.66	1
5	5.8	32
16	5.76	2
1	2.73	2
126	5.62	3
2	8.86	1
98	5.69	3
277	5.69	1
53	5.56	2
305	4.68	2
277	5.62	1
29	5.73	8
98	5.66	2
518	4.44	1
5	5.62	53
138	4.81	1
207	5.72	1
5	5.66	65
53	5.59	4
5	5.69	84
5	5.68	74
64	4.77	1
34	4.78	1
64	4.74	1
75	5.59	8
1	1.64	29
75	5.56	1
116	4.75	1
100	5.56	3
148	4.79	1
91	5.29	1
104	4.78	1
7	6.8	1
53	5.69	7
7	6.7	26
148	4.75	1
86	5.29	1
148	4.77	1
131	4.8	1
1	5.8	141
4	7.53	10
505	4.56	1
63	5.49	1
17	5.7	27
18	6.18	2
2	1.42	1
152	4.75	1
65	5.75	1
1	5.7	229
189	4.7	1
83	6.03	1
65	5.74	1
15	5.03	1
64	5.59	2
64	5.56	1
45	5.75	2
1	3.4	1
109	4.79	1
415	4.69	1
45	5.74	3
6	6.49	33
209	4.73	1
87	5.68	1
87	5.69	3
92	5.68	3
16	6.59	1
87	5.64	1
92	5.64	3
24	5.59	5
92	5.62	3
65	5.18	1
851	4.69	1
201	4.73	1
28	6.68	1
27	6.68	1
2	8.44	6
195	4.64	1
36	5.75	2
36	5.74	3
36	5.73	6
36	5.72	5
254	4.79	1
192	4.75	1
272	5.53	1
7	6.68	28
7	6.69	35
272	5.56	2
26	4.83	1
7	6.64	32
7	6.66	35
55	5.7	5
254	4.74	1
7	6.62	34
309	5.64	2
33	5.62	5
33	5.66	12
127	5.37	2
33	5.64	9
4	6.29	39
238	4.75	1
33	5.68	10
309	5.68	1
438	5.53	1
78	4.82	1
280	5.74	1
407	4.75	1
103	5.69	1
186	5.56	1
31	5.56	3
682	5.66	1
31	5.53	5
15	5.37	1
321	4.68	1
6	5.37	3
9	5.56	17
205	4.68	1
9	5.53	8
5	7.37	5
97	5.7	2
32	6.03	1
9	5.59	19
11	6.29	4
18	5.95	2
3	7.18	7
3	7.73	17
10	6.74	7
2	7.64	46
317	5.59	1
12	6.03	3
132	4.73	1
132	4.74	1
1	2.68	1
38	4.75	1
9	5.49	3
38	4.79	1
1	9.56	2
157	5.03	1
1	6.37	228
9	7.53	2
252	4.66	1
42	5.68	5
42	5.66	5
42	5.64	5
42	5.62	3
19	7.68	1
120	5.66	4
8	5.56	7
96	5.56	3
8	5.53	5
6	6.75	33
1	2.62	4
16	5.79	3
171	5.69	2
171	5.68	1
67	5.59	2
9	6.59	20
7	5.49	4
48	5.37	1
9	6.53	15
1	4.92	1
6	1	28
7	5.44	3
301	4.66	1
26	6.03	1
130	5.66	3
13	5.77	7
130	5.64	1
13	5.75	22
13	5.72	42
13	5.73	29
152	5.7	1
1	8.77	14
231	5.69	1
1	8.75	27
1	8.74	16
1	8.73	16
1	8.72	38
130	5.68	3
130	5.69	2
117	5.68	2
325	5.53	1
146	5.72	1
124	5.59	3
124	5.56	2
117	5.62	5
117	5.64	2
117	5.66	1
2	3.53	1
30	5.44	1
151	4.7	2
11	7.29	1
14	7.53	1
35	6.44	1
1	3.63	1
96	4.79	2
3	5.56	15
122	4.69	1
84	5.7	4
14	5.7	31
3	5.53	15
3	7.53	20
10	6.8	1
3	7.56	19
3	5.59	32
1	2.63	2
244	4.62	1
66	0	2
335	4.77	1
244	4.66	1
142	5.59	2
142	5.56	1
60	5.72	8
60	5.73	3
60	5.75	2
106	5.59	3
517	4.66	1
5	1.8	1
11	5.69	52
11	5.68	34
146	4.56	1
59	5.72	2
11	5.62	16
286	5.69	1
11	5.66	39
470	4.72	1
14	6.72	4
8	6.56	18
81	4.53	1
50	6.03	1
277	5.56	1
144	4.77	1
318	4.69	1
167	4.81	1
193	4.74	1
97	4.81	1
25	6.59	2
88	4.79	1
62	6.29	1
3	6.79	7
3	6.78	1
88	4.75	1
61	4.76	1
3	6.75	93
3	6.74	89
3	6.73	137
3	6.72	186
13	6.53	2
119	4.77	1
119	4.76	1
413	5.68	1
69	5.64	3
69	5.66	2
5	7.7	6
69	5.68	6
44	4.79	1
1	9.44	2
1323	4.72	1
170	4.79	1
13	6.59	11
5	7.95	1
23	5.75	7
23	5.74	12
23	5.77	3
23	5.76	4
17	6.37	5
91	5.66	4
23	5.73	11
23	5.72	23
5	8.37	1
91	5.69	1
91	5.68	1
329	5.62	1
180	5.7	2
15	6.56	6
48	5.72	5
48	5.73	2
120	5.59	1
48	5.74	6
170	5.72	1
97	5.49	2
8	7.37	1
152	5.69	1
490	4.64	1
93	5.56	1
193	5.56	1
252	4.75	1
51	4.66	1
174	5.03	1
3	2.7	1
13	7.49	1
93	5.59	1
166	5.73	1
2	3.72	1
44	5.18	2
40	6.29	1
9	5.82	2
226	4.7	1
9	5.84	1
192	5.66	1
256	4.75	1
550	4.73	1
28	5.8	1
42	5.72	4
5	1.79	1
3	1.82	2
99	6.37	1
23	6.18	1
134	4.79	1
28	5.7	20
59	6.18	1
1	7.03	77
61	4.81	1
51	5.29	1
121	5.37	1
18	6.95	1
24	4.82	2
8	6.18	4
47	5.62	4
214	5.53	1
47	5.64	3
47	5.66	4
187	5.56	1
47	5.68	3
47	5.69	9
1	2.42	1
61	4.82	1
98	5.59	3
15	6.75	1
15	6.74	2
36	6.37	1
15	6.73	2
213	5.49	1
601	4.74	1
43	4.69	1
106	5.7	2
14	6.75	1
18	5.49	1
203	4.72	1
96	5.49	2
209	5.74	1
5	5.94	1
5	5.95	2
217	5.69	1
64	4.66	1
47	6.66	1
75	5.69	6
75	5.68	2
160	5.72	1
35	5.53	2
160	5.74	1
49	6.62	1
35	5.56	3
35	5.59	3
16	7.62	1
75	5.62	2
75	5.64	5
16	7.66	1
75	5.66	3
2	1.57	4
21	6.37	3
1	1.74	17
2	1.54	2
58	5.68	4
131	5.37	1
157	4.68	1
2	1.58	2
7	2.82	1
125	5.68	2
12	5.29	1
118	4.8	1
7	2.84	1
95	4.72	1
1	5.96	6
118	4.7	2
1	1.37	2
23	6.56	2
1	1.73	9
7	5.84	1
22	6.68	1
257	4.77	2
27	6.49	1
87	5.59	6
18	6.03	1
159	4.62	1
7	7.73	2
7	7.74	2
38	5.59	6
342	4.77	1
87	5.53	1
55	5.77	1
74	5.7	2
10	7.62	2
87	5.56	4
29	6.49	1
36	5.68	15
534	4.77	1
2	7.29	34
36	5.64	7
36	5.66	8
238	5.66	1
33	4.79	1
2	1.78	6
31	6.68	1
129	5.68	3
129	5.69	1
89	4.7	1
7	6.73	15
125	5.64	1
2	6.44	112
31	6.64	1
7	6.76	3
129	5.62	2
7	6.74	13
2	8.7	4
33	5.72	15
33	5.73	10
33	5.74	4
33	5.75	9
275	5.56	1
25	5.73	10
25	5.72	17
267	4.74	1
25	5.76	1
25	5.75	11
25	5.74	5
6	7.18	1
249	5.73	1
107	5.64	1
3	5.37	3
107	5.69	2
5	2.62	1
4	5.94	1
31	5.62	6
174	5.7	1
31	5.64	12
320	4.74	1
31	5.69	8
31	5.68	15
2	1.72	8
301	5.59	1
43	5.75	1
108	4.8	2
236	4.74	1
1	4.04	1
24	4.8	1
205	4.77	1
50	4.8	1
206	5.7	1
260	4.64	1
6	6.76	2
6	6.77	3
83	5.73	2
6	6.73	27
6	6.78	5
6	6.79	1
18	5.81	1
1	9.49	5
18	6.68	3
3	8.03	1
221	4.81	1
12	6.18	6
36	4.81	1
38	4.85	1
36	4.82	1
253	4.74	1
38	4.82	1
252	4.73	1
3	9.29	1
93	5.72	2
1	6.03	75
410	4.79	1
42	5.74	2
42	5.75	2
42	5.76	1
9	7.44	1
568	4.64	1
410	4.72	1
134	4.78	1
42	5.73	9
9	4.86	1
32	5.18	1
8	5.62	16
8	5.64	34
39	4.82	1
8	5.66	44
2	10.75	1
8	5.68	47
8	5.69	62
348	5.69	1
109	5.49	1
61	5.56	1
95	4.73	1
125	5.69	1
92	0	1
95	4.77	2
154	5.7	2
95	4.74	2
301	4.56	1
38	5.56	2
95	4.79	1
95	4.78	1
38	5.53	1
7	5.37	2
125	5.66	1
2	9.62	5
7	7.56	2
4	7.37	10
8	7.7	2
1	8.7	25
423	4.59	1
231	5.74	1
627	5.49	1
1	8.03	10
202	4.81	1
103	4.7	1
22	5.18	1
19	6.49	1
139	4.7	1
12	7.77	1
6	6.59	48
124	5.44	1
14	6.69	7
1016	4.75	1
104	6.53	1
146	5.69	1
16	6.44	3
1	6.7	1370
188	5.49	1
11	6.8	1
190	4.56	1
32	4.79	1
7	5.76	51
11	6.7	7
1	6.8	94
95	5.56	2
113	5.7	1
133	5.7	1
95	5.53	3
1	4.3	3
3	5.44	5
122	4.74	1
122	4.77	2
111	4.74	1
3	7.44	24
95	5.59	1
21	7.7	2
7	1	29
177	5.68	1
6	6.56	52
49	4.8	1
46	5.64	4
81	5.49	1
11	5.78	6
11	5.79	7
2	2.8	3
265	5.72	1
11	5.72	57
11	5.73	49
11	5.74	31
445	5.68	1
11	5.76	15
11	5.77	16
198	4.74	1
245	4.69	1
198	4.77	1
198	4.72	1
8	6.44	20
8	6.49	21
198	4.78	1
79	5.37	1
152	4.53	1
977	4.72	1
88	4.69	1
3	4.01	1
297	4.7	1
48	6.64	1
3	6.03	42
102	5.7	1
4	8.56	3
10	5.29	2
394	5.59	1
91	4.77	1
67	4.82	2
207	5.69	1
91	4.72	1
14	6.03	3
69	5.56	4
1	9.37	5
13	6.62	9
69	5.53	2
91	4.78	1
8	0	28
8	1	8
19	6.37	4
4	1.74	1
170	4.66	1
211	5.74	1
18	5.78	2
2	1.83	2
5	9.56	1
23	5.62	7
3	7.49	14
91	5.72	3
91	5.73	1
23	5.66	13
23	5.64	17
17	6.29	4
23	5.68	22
23	5.69	25
14	6.64	4
29	6.56	1
106	5.49	2
512	4.7	1
97	5.53	1
21	5.7	22
97	5.59	2
69	5.7	4
286	4.72	1
2	6.7	473
3	1.4	1
355	5.74	1
93	5.62	1
1	3.77	1
86	5.69	3
86	5.68	3
93	5.69	3
86	5.66	2
86	5.64	3
278	5.62	1
174	5.18	1
113	5.44	1
4	7.49	8
814	5.29	1
15	6.18	1
4	6.74	44
16	6.64	3
3	5.49	5
76	5.37	2
213	4.75	2
1	3.65	1
216	5.7	2
7	7.62	2
192	5.73	1
192	5.72	1
14	6.66	7
107	5.7	1
249	5.7	1
7	6.59	32
174	4.78	1
34	5.75	5
34	5.74	4
34	5.77	2
34	5.76	1
131	5.59	1
34	5.73	7
34	5.72	4
1	2.57	1
1	2.56	1
26	0	1
1	2.54	1
1	2.53	2
116	5.56	1
5	6.79	5
64	5.7	1
24	5.37	1
12	7.7	1
116	5.59	2
542	4.64	1
1	2.59	2
1	2.58	2
71	4.79	1
157	5.56	1
2	6.81	3
10	0	12
10	1	3
4	1.54	1
47	5.56	2
71	4.77	3
21	5.77	3
21	5.76	2
21	5.75	15
21	5.74	17
21	5.73	17
21	5.72	25
15	6.64	6
364	5.68	1
13	6.7	5
15	6.69	1
135	4.62	1
25	6.49	1
44	5.59	3
50	4.81	1
316	5.66	1
13	4.8	1
268	5.53	1
209	5.66	1
209	5.64	1
5	5.81	13
229	6.29	1
5	5.83	2
451	4.44	1
13	6.68	7
35	5.69	11
35	5.68	13
76	4.75	1
219	4.76	1
35	5.64	6
35	5.66	8
219	4.73	1
29	6.64	1
35	5.62	12
63	5.66	4
2	1.23	1
63	5.64	5
157	4.72	1
157	4.75	1
2	1.27	1
21	6.49	3
82	5.7	2
131	5.29	1
63	5.68	5
63	5.69	3
53	4.8	2
163	5.7	1
51	5.62	2
25	6.66	2
481	4.74	1
3	5.66	48
27	6.53	1
180	5.18	1
4	7.44	12
1	5.37	7
33	4.86	1
68	5.69	1
37	5.7	11
360	4.79	1
66	4.66	1
15	5.49	3
3	1.8	1
98	5.49	1
159	4.75	1
7	7.68	1
7	7.66	2
7	7.64	1
360	4.75	1
129	4.75	1
16	6.37	2
374	5.59	1
1	6.83	10
99	5.7	2
128	4.77	1
908	5.64	1
326	4.79	1
547	4.73	1
36	5.53	2
138	5.69	1
238	5.53	1
36	5.56	6
143	5.68	1
294	5.59	1
2	5.68	92
243	4.72	1
4	5.88	1
259	4.73	1
2	5.62	69
2	5.66	88
149	4.82	1
2	5.64	72
11	5.75	55
25	5.68	15
25	5.69	16
75	5.74	2
75	5.75	2
75	5.72	3
75	5.73	2
16	7.53	1
294	4.8	1
16	5.53	8
33	5.44	1
25	5.62	7
25	5.64	12
16	5.56	5
25	5.66	16
180	4.8	1
144	4.81	1
205	5.62	1
249	5.68	1
280	5.59	1
7	5.78	17
1	8.76	2
6	7.72	1
369	5.64	1
14	7.37	1
31	5.76	3
31	5.74	3
31	5.75	8
31	5.72	10
31	5.73	16
8	1.83	1
104	5.29	1
333	5.37	1
9	5.72	60
9	5.73	71
9	5.74	56
9	5.75	76
9	5.76	18
9	5.69	56
149	5.44	2
9	5.79	16
215	4.75	1
6	6.62	54
4	5.49	6
6	6.66	53
120	4.7	1
6	6.64	56
45	5.53	3
6	6.69	54
6	6.68	47
277	4.7	2
4	5.87	2
12	6.69	8
12	6.68	5
188	4.73	1
7	7.72	1
253	4.62	1
89	5.7	1
12	6.66	4
1842	4.69	1
12	6.64	6
42	5.49	3
1	7.44	129
120	5.49	1
1	6.18	42
12	5.7	47
42	5.44	2
151	5.37	1
26	5.77	3
126	4.66	1
122	5.62	2
284	5.66	1
8	5.78	8
8	5.77	44
96	5.74	2
8	5.75	76
8	5.74	48
8	5.73	60
525	5.69	1
96	5.73	1
36	6.68	1
7	5.29	1
260	5.37	2
13	6.49	8
160	4.82	1
38	5.49	3
2	7.37	44
95	4.69	1
255	5.68	2
191	4.68	1
6	7.29	4
125	5.75	1
357	4.68	2
2	7.73	44
146	5.59	1
15	1	1
15	0	6
62	5.49	1
15	6.68	3
10	6.56	12
166	5.56	3
432	5.7	1
124	5.37	1
1	5.43	1
102	5.37	1
7	10.56	1
523	4.69	1
3	7.75	13
130	5.72	1
6	5.7	109
2	7.75	29
3	7.72	28
123	4.69	1
70	4.68	1
188	5.74	1
6	5.8	21
3	7.78	2
523	4.64	1
1	9.75	7
56	4.84	1
13	6.44	5
1	9.72	4
1	9.73	2
370	4.8	1
1	1.45	4
95	5.29	1
83	0	1
2	7.18	12
1	2.81	4
11	5.44	3
4	7.29	10
81	5.72	2
81	5.74	2
368	4.68	1
89	5.53	1
122	5.69	1
1	1.46	1
11	5.49	2
10	6.59	12
58	5.37	1
29	5.86	1
1	1.48	2
69	5.59	4
74	4.8	1
232	4.79	1
198	4.64	1
5	0	159
81	4.72	1
46	6.62	1
245	4.75	1
2	1	628
3	6.18	22
23	7.18	1
241	4.64	1
4	8.44	1
449	4.7	1
101	5.49	1
2	6.29	65
69	5.49	2
429	4.72	1
91	4.68	1
69	5.44	1
347	4.64	1
29	6.66	1
2	6.82	3
347	4.62	1
521	5.72	1
207	5.62	1
41	0	1
41	1	1
5	8.59	2
91	5.49	1
67	5.74	1
354	5.49	1
23	5.95	2
5	5.85	1
56	5.74	1
10	4.76	1
97	5.69	3
2	1.74	6
286	4.69	1
7	8.7	1
97	5.66	1
97	5.62	2
14	0	7
114	4.72	1
44	5.64	3
29	5.75	3
114	4.75	2
1	3.67	1
114	4.77	1
5	5.84	1
683	5.66	1
86	5.77	1
153	5.29	1
86	5.72	2
86	5.73	2
3	7.7	34
868	4.66	1
14	6.59	6
17	0	2
246	4.95	1
139	5.64	1
181	5.66	1
2	2.53	1
35	6.69	1
2	2.51	1
181	5.62	1
25	7.37	1
135	5.53	1
10	5.96	1
2	2.58	1
41	5.18	1
135	5.59	1
2	1.76	2
61	5.7	5
34	5.69	10
97	5.44	1
34	5.62	6
2	2.68	1
34	5.66	6
18	6.56	2
34	5.64	10
116	5.66	2
268	5.49	1
237	5.59	1
116	5.62	1
2	1.71	3
4	1.68	2
148	5.64	1
157	5.44	1
56	5.53	2
138	4.73	1
5	6.7	73
102	5.73	2
148	5.69	1
75	4.77	3
56	5.59	5
21	5.64	9
21	5.66	21
291	5.03	1
135	4.75	1
51	0	1
21	5.62	5
48	5.53	1
21	5.68	23
21	5.69	27
76	4.69	1
76	4.68	1
60	5.64	3
14	6.53	6
30	6.29	2
15	4.84	1
355	5.64	1
355	5.66	1
29	6.53	1
100	5.64	1
100	5.66	2
35	5.72	5
35	5.73	7
9	7.62	3
26	5.74	11
35	5.74	6
35	5.75	6
1	1.52	14
1	1.56	1
228	4.73	1
1	1.54	11
129	4.7	1
416	4.75	1
416	4.74	1
1	1.58	18
1	1.59	1
66	4.77	1
1	5.84	18
5	1.81	1
2	6.8	18
56	6.59	1
5	1.85	1
15	7.37	2
5	1.86	1
133	5.53	1
755	4.8	1
254	5.69	1
243	5.49	2
1	11.56	1
239	5.69	1
1	5.28	1
3	7.59	22
144	5.53	1
17	6.03	3
74	6.64	1
173	4.76	1
36	5.44	1
439	5.69	1
97	5.56	1
354	4.8	1
73	5.7	3
3	1.66	1
3	3.77	1
129	4.66	1
36	5.49	3
109	5.68	2
201	5.72	1
212	5.7	1
12	9.56	1
1	5.86	1
109	5.69	1
272	5.66	1
2	5.79	82
2	5.78	68
127	5.69	1
109	4.8	1
25	5.53	4
127	5.62	1
60	5.49	1
2	5.73	169
2	5.72	169
25	5.59	12
2	5.74	127
2	5.77	167
2	5.76	67
663	5.56	1
84	5.37	1
33	5.59	5
10	6.7	6
33	5.53	3
16	7.49	1
33	5.56	6
165	5.72	1
450	4.72	1
107	5.44	1
14	7.29	1
42	4.77	1
61	5.53	2
42	4.74	1
42	4.79	1
25	5.56	5
1	6.87	4
80	5.49	1
387	4.73	1
2	4.28	1
13	7.69	1
17	6.7	1
3	8.53	2
630	5.7	1
149	5.59	1
9	5.68	50
1	4.28	2
9	5.66	37
104	5.56	1
203	4.76	1
130	5.7	1
156	4.7	1
104	5.53	2
114	0	1
193	5.37	1
221	4.8	1
93	5.68	5
1	7.82	4
1229	4.72	1
67	6.53	2
42	5.7	13
60	4.82	1
3	8.68	4
17	5.53	6
42	5.53	5
357	5.18	1
16	5.74	19
3	8.62	3
12	6.72	6
12	6.73	1
3	8.66	2
12	6.75	2
3	8.64	2
42	5.59	4
32	5.73	9
41	5.62	2
151	5.29	1
1	6.69	1411
32	5.77	2
32	5.76	1
32	5.75	9
32	5.74	6
1	6.62	826
12	5.62	9
32	5.78	1
1	6.66	1111
348	5.44	1
1	6.64	853
111	5.69	3
157	5.7	1
96	5.68	4
122	5.53	1
25	5.44	1
187	5.7	1
397	5.7	1
70	5.53	1
133	4.72	2
126	4.76	1
96	5.66	2
70	5.56	2
96	5.64	2
2	7.49	48
6	7.37	4
191	4.72	1
125	5.49	1
38	5.73	7
38	5.72	5
38	5.75	2
38	5.74	6
137	4.62	1
38	5.76	3
517	5.72	1
139	5.59	1
99	5.69	2
25	5.49	1
146	5.49	1
62	5.59	2
182	5.73	1
99	5.62	1
62	5.56	2
1	6.82	38
99	5.66	2
62	5.53	1
9	5.78	5
73	4.85	1
73	4.83	1
73	4.81	1
151	4.62	1
218	4.76	1
18	6.69	2
155	4.68	1
3	7.66	20
3	7.64	30
70	4.76	1
67	4.78	1
3	7.69	25
3	7.68	20
70	4.72	1
87	5.7	1
1	9.62	10
5	5.91	1
64	5.64	5
130	4.76	1
1	9.64	2
49	5.75	1
1	9.69	2
231	4.77	1
105	4.82	1
179	5.56	1
15	6.7	5
90	5.72	1
3	1	251
3	0	717
273	5.44	1
12	1	2
81	5.68	4
81	5.69	2
81	5.66	1
273	5.49	1
81	5.64	3
11	5.59	14
262	5.37	1
142	5.29	1
271	5.7	1
27	5.8	1
11	5.87	2
3	1.69	2
29	5.77	2
41	4.81	1
29	5.74	9
27	5.7	14
29	5.72	12
41	4.85	1
152	4.72	1
4	8.75	2
48	6.44	1
103	5.68	2
45	4.8	1
206	5.37	1
193	5.64	1
103	5.64	1
103	5.66	1
3	6.29	29
103	5.62	1
225	5.37	1
54	5.49	1
105	5.49	2
10	2.8	1
30	6.44	2
70	4.8	1
64	5.68	4
1	8.29	21
161	5.62	1
223	5.73	1
105	4.78	1
161	5.66	1
16	6.66	3
101	5.53	1
44	4.85	1
5	3.8	1
105	4.79	1
101	5.56	1
5	8.64	1
50	4.79	1
5	8.66	1
8	5.81	5
5	1.6	1
97	4.76	1
97	4.79	1
97	4.78	1
43	5.66	6
5	8.68	1
50	4.75	2
5	1.75	2
50	4.77	1
54	5.53	3
82	0	1
127	4.96	1
91	5.59	1
72	4.8	2
4	7.74	8
91	5.53	1
262	4.77	1
91	5.56	4
23	5.81	1
199	5.56	1
1	1.23	4
57	5.49	1
246	4.62	1
405	5.29	1
97	5.77	1
149	5.56	1
4	5.96	1
27	4.77	1
4	5.91	1
27	4.78	2
114	4.68	1
14	6.44	2
1	3.52	1
234	4.73	2
233	4.59	1
112	4.74	1
112	4.75	1
141	4.82	1
37	5.69	12
37	5.68	7
37	5.66	4
181	5.73	1
37	5.64	2
221	4.7	1
37	5.62	10
112	4.78	1
85	5.53	1
93	4.7	1
2	2.43	1
428	4.73	1
31	5.7	12
35	6.7	1
85	5.59	2
24	5.69	15
259	4.75	1
233	5.37	1
366	4.68	1
174	4.75	1
233	5.53	1
121	5.64	2
4	1.76	1
121	5.66	1
29	1	1
32	6.69	1
4	1.72	1
121	5.62	1
237	5.66	1
10	5.59	14
1	2.55	1
157	5.74	1
56	5.44	1
7	7.37	1
24	5.62	7
193	4.76	1
56	5.49	1
1	2.52	3
85	4.76	1
9	6.66	22
21	5.53	3
85	4.75	1
85	4.72	1
1	2.51	1
21	5.56	6
21	5.59	12
5	5.37	1
231	5.7	1
3	1.81	4
209	5.44	1
1	10.62	2
250	5.29	1
108	4.74	2
108	4.73	1
1	1.75	11
13	6.03	2
39	6.68	1
294	4.72	1
195	4.81	1
119	5.37	1
203	4.8	1
263	5.59	1
21	6.69	2
21	6.68	2
182	5.44	1
16	6.69	1
21	6.66	1
21	6.62	1
543	4.74	1
2	2.79	2
512	5.53	1
64	5.18	1
8	8.59	1
33	6.49	1
22	5.68	17
84	4.81	1
76	5.7	3
75	4.79	1
7	6.03	9
47	5.59	2
266	5.62	1
4	2.57	1
2	1.52	3
2	8.82	1
184	4.68	1
7	7.03	1
25	5.7	18
2	8.77	3
2	5.44	3
142	5.68	1
144	5.56	1
462	5.7	1
144	5.59	1
1007	5.53	1
16	5.75	25
82	5.62	1
16	5.77	2
24	5.7	25
128	4.64	1
82	5.66	1
16	5.73	37
16	5.72	28
82	5.69	7
82	5.68	1
129	5.59	3
127	5.73	1
127	5.72	2
147	5.64	1
47	5.53	1
147	5.62	2
60	5.62	5
159	5.75	1
83	5.7	4
147	5.68	1
38	6.37	1
261	4.73	1
58	5.53	2
80	5.56	1
80	5.53	3
80	5.59	1
149	4.44	1
26	5.69	16
35	6.29	1
636	5.56	1
25	6.44	1
111	5.03	1
107	4.75	1
2	5.82	42
40	5.75	7
333	5.53	2
8	6.74	7
149	5.66	1
1	4.39	1
105	5.53	2
149	5.69	1
380	4.64	1
4	8.72	2
380	4.66	1
125	4.73	1
87	5.29	1
6	1.85	1
125	4.79	1
