6.44	627
3.72	1
3.77	2
3.74	1
10.29	1
3.78	1
7.18	63
6.49	1004
4.23	1
6.7	2415
5.69	1903
5.68	1644
7.7	417
5.62	938
7.8	10
1.95	1
4.37	1
5.66	1357
5.64	1050
2.71	3
2.84	11
8.64	34
9.64	2
5.28	1
2.85	8
0	15547
10.62	2
7.62	393
7.64	333
6.37	637
7.66	403
7.69	392
7.68	368
2.15	1
7.82	8
2.4	1
1.71	34
5.56	523
6.56	1375
4.04	1
7.53	345
6.53	1179
5.53	379
4.01	1
3.65	1
3.67	2
2.75	5
9.49	7
6.59	1774
5.59	659
1.89	2
8.69	43
10.56	6
10.53	1
1.81	16
1.83	6
1.82	13
1.85	5
1.84	7
8.66	56
1.86	7
5.27	1
2.68	2
1.78	12
2.69	6
2.87	10
4.39	1
10.44	4
1.79	21
8.95	2
1.69	53
9.59	12
11.56	2
2.66	2
2.67	2
7.95	4
2.27	1
7.89	1
6.62	1747
4.29	1
6.66	2091
5.44	122
6.64	1687
9.37	5
5.49	177
6.68	2288
6.69	2477
8.79	1
2.8	5
3.3	1
9.53	6
8.73	26
7.29	174
8.77	17
8.76	2
8.75	35
8.74	17
9.7	1
9.56	6
1.87	1
2.38	1
1.74	24
1.75	18
1.76	7
1.77	16
4.79	65
1.72	44
1.73	11
4.86	2
7.86	1
4.84	10
4.85	9
4.82	43
4.83	20
7.81	10
4.81	35
6.8	124
8.44	25
6.79	128
6.78	94
6.75	1342
6.74	1218
6.77	332
6.76	279
6.73	1613
6.72	1979
4.64	24
10.72	1
4.66	34
5.37	89
3.49	1
4.62	21
7.79	9
8.49	36
4.68	37
4.69	37
2.56	1
4.28	3
2.42	1
8.03	12
8.7	34
3.96	2
3.97	2
9.29	24
1.67	6
1.66	32
1.65	14
1.64	37
1.63	33
1.62	6
1.61	14
11.49	4
4.92	1
4.95	1
4.97	1
1.68	73
7.59	396
8.53	48
2.58	3
10.75	1
8.56	49
8.59	67
6.03	288
3.4	1
1.6	43
7.56	315
4.77	70
4.76	42
4.75	114
4.74	44
4.73	56
4.72	53
10.66	2
5.29	39
4.78	45
2.53	3
2.52	3
2.51	2
5.19	1
2.57	2
2.82	5
7.37	303
2.54	1
2.59	3
1.3	4
10.49	1
9.62	16
1.52	19
1.53	1
7.77	64
1.56	2
1.57	25
1.54	16
1.55	1
3.83	1
1.58	21
1.59	1
10.59	3
7.49	273
6.18	137
5.93	1
9.03	1
5.91	5
5.96	31
5.97	3
5.94	3
7.44	228
7.74	168
2.43	2
4.44	4
9.75	9
5.18	26
4.49	1
8.29	29
12.49	1
6.81	48
6.82	49
6.83	14
6.84	9
6.85	4
6.86	9
6.87	6
6.88	3
6.89	19
2.64	1
2.65	1
2.62	5
2.63	2
2.61	1
3.8	1
1.48	3
1.45	4
1.44	1
2.88	2
1.46	1
1.42	5
1.4	8
1.5	12
2.86	2
1.7	22
9.73	2
2.81	6
3.52	2
2.83	5
9.44	4
1.8	14
3.68	1
8.37	35
4.59	4
1.2	2
8.72	52
7.03	127
4.56	9
5.03	13
2.55	3
2.79	5
7.76	34
4.7	56
5.3	3
6.97	1
6.96	5
6.95	21
5.7	2089
5.8	450
2.7	2
2.73	4
2.72	1
8.18	8
4.8	66
2.77	5
2.76	5
1	2961
3.23	1
7.75	197
4.53	6
3.27	1
7.72	338
1.33	2
1.37	2
2.94	1
2.78	5
8.82	3
8.86	2
3.53	1
5.78	362
5.79	503
9.72	6
8.62	76
3.63	1
9.69	4
9.68	4
9.66	1
5.72	1970
5.73	1745
5.74	1375
5.75	2053
5.76	676
5.77	957
8.68	40
5.95	20
4.3	6
1.88	4
1.27	2
6.94	1
7.83	2
5.43	1
5.85	36
5.84	30
5.87	7
5.86	7
5.81	170
7.73	212
5.83	56
5.82	178
1.23	5
2.5	1
4.96	4
5.89	3
5.88	2
7.78	13
6.29	382
