1	6.44	627
2	3.72	1
3	3.77	2
4	3.74	1
5	10.29	1
6	3.78	1
7	7.18	63
8	6.49	1004
9	4.23	1
10	6.7	2415
11	5.69	1903
12	5.68	1644
13	7.7	417
14	5.62	938
15	7.8	10
16	1.95	1
17	4.37	1
18	5.66	1357
19	5.64	1050
20	2.71	3
21	2.84	11
22	8.64	34
23	9.64	2
24	5.28	1
25	2.85	8
26	0	15547
27	10.62	2
28	7.62	393
29	7.64	333
30	6.37	637
31	7.66	403
32	7.69	392
33	7.68	368
34	2.15	1
35	7.82	8
36	2.4	1
37	1.71	34
38	5.56	523
39	6.56	1375
40	4.04	1
41	7.53	345
42	6.53	1179
43	5.53	379
44	4.01	1
45	3.65	1
46	3.67	2
47	2.75	5
48	9.49	7
49	6.59	1774
50	5.59	659
51	1.89	2
52	8.69	43
53	10.56	6
54	10.53	1
55	1.81	16
56	1.83	6
57	1.82	13
58	1.85	5
59	1.84	7
60	8.66	56
61	1.86	7
62	5.27	1
63	2.68	2
64	1.78	12
65	2.69	6
66	2.87	10
67	4.39	1
68	10.44	4
69	1.79	21
70	8.95	2
71	1.69	53
72	9.59	12
73	11.56	2
74	2.66	2
75	2.67	2
76	7.95	4
77	2.27	1
78	7.89	1
79	6.62	1747
80	4.29	1
81	6.66	2091
82	5.44	122
83	6.64	1687
84	9.37	5
85	5.49	177
86	6.68	2288
87	6.69	2477
88	8.79	1
89	2.8	5
90	3.3	1
91	9.53	6
92	8.73	26
93	7.29	174
94	8.77	17
95	8.76	2
96	8.75	35
97	8.74	17
98	9.7	1
99	9.56	6
100	1.87	1
101	2.38	1
102	1.74	24
103	1.75	18
104	1.76	7
105	1.77	16
106	4.79	65
107	1.72	44
108	1.73	11
109	4.86	2
110	7.86	1
111	4.84	10
112	4.85	9
113	4.82	43
114	4.83	20
115	7.81	10
116	4.81	35
117	6.8	124
118	8.44	25
119	6.79	128
120	6.78	94
121	6.75	1342
122	6.74	1218
123	6.77	332
124	6.76	279
125	6.73	1613
126	6.72	1979
127	4.64	24
128	10.72	1
129	4.66	34
130	5.37	89
131	3.49	1
132	4.62	21
133	7.79	9
134	8.49	36
135	4.68	37
136	4.69	37
137	2.56	1
138	4.28	3
139	2.42	1
140	8.03	12
141	8.7	34
142	3.96	2
143	3.97	2
144	9.29	24
145	1.67	6
146	1.66	32
147	1.65	14
148	1.64	37
149	1.63	33
150	1.62	6
151	1.61	14
152	11.49	4
153	4.92	1
154	4.95	1
155	4.97	1
156	1.68	73
157	7.59	396
158	8.53	48
159	2.58	3
160	10.75	1
161	8.56	49
162	8.59	67
163	6.03	288
164	3.4	1
165	1.6	43
166	7.56	315
167	4.77	70
168	4.76	42
169	4.75	114
170	4.74	44
171	4.73	56
172	4.72	53
173	10.66	2
174	5.29	39
175	4.78	45
176	2.53	3
177	2.52	3
178	2.51	2
179	5.19	1
180	2.57	2
181	2.82	5
182	7.37	303
183	2.54	1
184	2.59	3
185	1.3	4
186	10.49	1
187	9.62	16
188	1.52	19
189	1.53	1
190	7.77	64
191	1.56	2
192	1.57	25
193	1.54	16
194	1.55	1
195	3.83	1
196	1.58	21
197	1.59	1
198	10.59	3
199	7.49	273
200	6.18	137
201	5.93	1
202	9.03	1
203	5.91	5
204	5.96	31
205	5.97	3
206	5.94	3
207	7.44	228
208	7.74	168
209	2.43	2
210	4.44	4
211	9.75	9
212	5.18	26
213	4.49	1
214	8.29	29
215	12.49	1
216	6.81	48
217	6.82	49
218	6.83	14
219	6.84	9
220	6.85	4
221	6.86	9
222	6.87	6
223	6.88	3
224	6.89	19
225	2.64	1
226	2.65	1
227	2.62	5
228	2.63	2
229	2.61	1
230	3.8	1
231	1.48	3
232	1.45	4
233	1.44	1
234	2.88	2
235	1.46	1
236	1.42	5
237	1.4	8
238	1.5	12
239	2.86	2
240	1.7	22
241	9.73	2
242	2.81	6
243	3.52	2
244	2.83	5
245	9.44	4
246	1.8	14
247	3.68	1
248	8.37	35
249	4.59	4
250	1.2	2
251	8.72	52
252	7.03	127
253	4.56	9
254	5.03	13
255	2.55	3
256	2.79	5
257	7.76	34
258	4.7	56
259	5.3	3
260	6.97	1
261	6.96	5
262	6.95	21
263	5.7	2089
264	5.8	450
265	2.7	2
266	2.73	4
267	2.72	1
268	8.18	8
269	4.8	66
270	2.77	5
271	2.76	5
272	1	2961
273	3.23	1
274	7.75	197
275	4.53	6
276	3.27	1
277	7.72	338
278	1.33	2
279	1.37	2
280	2.94	1
281	2.78	5
282	8.82	3
283	8.86	2
284	3.53	1
285	5.78	362
286	5.79	503
287	9.72	6
288	8.62	76
289	3.63	1
290	9.69	4
291	9.68	4
292	9.66	1
293	5.72	1970
294	5.73	1745
295	5.74	1375
296	5.75	2053
297	5.76	676
298	5.77	957
299	8.68	40
300	5.95	20
301	4.3	6
302	1.88	4
303	1.27	2
304	6.94	1
305	7.83	2
306	5.43	1
307	5.85	36
308	5.84	30
309	5.87	7
310	5.86	7
311	5.81	170
312	7.73	212
313	5.83	56
314	5.82	178
315	1.23	5
316	2.5	1
317	4.96	4
318	5.89	3
319	5.88	2
320	7.78	13
321	6.29	382
