7.18	467
5.69	926
5.68	802
5.62	879
5.67	1
5.66	833
5.64	925
0	15547
7.62	99
7.64	83
7.66	76
7.69	57
7.68	75
8.68	14
8.69	11
8.62	14
8.64	13
8.66	8
8.95	4
8.94	1
8.97	1
9.59	1
8.93	1
8.92	1
2.26	1
2.24	1
6.79	344
6.78	142
6.75	517
6.74	320
6.77	370
6.76	274
6.71	3
6.73	322
6.72	393
4.98	47
4.91	29
4.93	60
4.92	59
4.95	63
4.94	88
4.97	376
4.96	139
7.59	127
9.18	8
7.53	112
7.56	126
4.77	89
4.76	58
4.75	104
4.74	44
4.73	43
4.72	46
4.71	1
4.79	103
4.78	46
9.82	4
9.84	5
5.18	1009
2.68	3
2.69	3
2.66	7
2.67	1
2.64	6
2.65	2
2.62	5
2.61	3
1.48	4
1.45	12
1.42	5
2.84	9
2.85	8
2.86	8
2.87	3
2.81	7
2.82	3
2.83	10
2.88	1
8.37	48
5.7	754
5.8	1472
5.9	76
1	2963
3.47	4
6.44	1344
6.49	1286
6.7	352
1.96	1
4.37	7
6.9	18
6.8	391
6.37	1603
5.56	928
9.44	5
7.03	338
5.53	793
5.59	835
7.98	7
7.94	12
7.95	15
7.96	28
7.97	35
7.91	1
7.92	5
7.93	12
8.79	8
8.73	4
8.72	8
8.77	3
8.76	25
8.75	9
8.74	2
2.35	1
1.74	27
1.75	18
1.76	21
1.77	12
1.71	30
1.72	41
1.73	14
1.78	18
1.79	24
3.06	1
10.79	4
3.94	1
3.95	1
11.79	1
6.03	1796
5.71	14
7.37	304
5.73	770
5.75	1399
5.98	66
5.92	245
5.93	243
9.03	5
5.91	195
5.96	789
5.97	1311
5.94	311
7.44	186
4.41	1
4.47	2
4.44	9
4.49	10
1.4	7
1.5	16
1.6	39
1.7	20
1.3	3
1.8	12
7.49	176
9.79	2
9.77	1
5.03	612
2.78	5
5.84	565
2.71	7
2.73	3
2.72	1
2.75	1
2.74	3
2.77	1
2.76	7
5.86	249
5.81	571
1.37	2
10.37	2
8.03	43
5.95	294
5.89	47
10.84	2
2.03	1
3.77	1
7.7	53
7.8	66
6.56	865
6.53	936
6.59	816
1.88	3
1.81	13
1.83	10
1.82	8
1.85	3
1.84	6
1.87	4
1.86	9
5.44	1008
9.37	5
5.49	1054
2.8	5
2.7	4
2.6	2
2.5	2
2.4	1
7.89	1
7.88	1
7.86	19
7.85	26
7.84	12
7.83	34
7.82	35
7.81	18
8.44	19
8.49	25
5.37	1079
5.85	635
2.42	1
2.45	2
2.48	3
1.67	4
1.66	25
1.65	19
1.64	45
1.63	18
1.62	7
1.61	9
1.69	50
1.68	70
5.87	97
10.68	1
3.83	1
3.82	1
3.87	2
3.86	5
3.85	3
8.8	10
3.89	1
3.88	1
6.18	2367
6.81	147
6.82	249
6.83	157
6.84	100
6.85	137
6.86	47
6.87	6
6.88	21
6.89	9
4.59	11
4.54	1
4.56	17
4.53	5
4.5	1
6.92	74
8.82	5
8.83	3
8.81	3
8.86	2
6.91	43
8.84	4
8.85	3
5.78	488
5.79	1037
9.68	3
9.66	1
5.72	803
9.64	1
5.74	854
9.62	2
5.76	687
5.77	1048
7.76	45
7.77	28
7.74	38
7.75	51
7.72	53
7.73	29
5.83	645
5.82	914
1.23	2
1.27	1
5.88	69
7.78	7
7.79	53
8.18	66
2.15	1
3.69	3
3.68	2
3.64	1
3.66	3
3.61	2
3.63	1
10.59	2
6.62	677
6.66	611
6.64	611
4.18	3
6.68	476
6.69	391
3.8	1
3.9	1
4.88	16
4.89	12
4.86	80
4.87	28
4.84	125
4.85	166
4.82	188
4.83	150
4.81	103
7.29	320
9.29	7
4.64	24
4.66	12
4.67	1
4.62	20
4.68	29
4.69	36
8.7	3
8.53	5
8.56	12
8.59	14
9.93	3
5.29	1021
2.51	1
2.56	1
2.54	1
2.59	3
2.58	2
1.52	18
1.53	1
1.56	5
1.57	24
1.54	21
1.55	3
1.58	27
10.18	2
8.29	36
3.54	1
3.56	1
3.58	2
3.59	1
6.93	128
4.4	1
4.7	23
6.97	340
6.96	185
6.95	92
6.94	70
6.98	21
4.9	19
4.8	156
4.29	3
6.29	1683
