1	1	29192
2	2	8737
3	3	4438
4	4	2786
5	5	1982
6	6	1527
7	7	1090
8	8	819
9	9	771
10	10	596
11	11	505
12	12	445
13	13	409
14	14	320
15	15	321
16	16	246
17	17	250
18	18	255
19	19	209
20	20	209
21	21	191
22	22	165
23	23	158
24	24	139
25	25	176
26	26	172
27	27	117
28	28	124
29	29	110
30	30	112
31	31	106
32	32	114
33	33	99
34	34	116
35	35	99
36	36	80
37	37	83
38	38	77
39	39	69
40	40	73
41	41	73
42	42	71
43	43	64
44	44	63
45	45	58
46	46	68
47	47	50
48	48	56
49	49	59
50	50	61
51	51	49
52	52	38
53	53	49
54	54	45
55	55	47
56	56	53
57	57	51
58	58	51
59	59	31
60	60	46
61	61	31
62	62	36
63	63	21
64	64	53
65	65	34
66	66	31
67	67	33
68	68	37
69	69	48
70	70	30
71	71	36
72	72	25
73	73	28
74	74	32
75	75	25
76	76	29
77	77	23
78	78	19
79	79	24
80	80	20
81	81	21
82	82	20
83	83	22
84	84	19
85	85	12
86	86	23
87	87	14
88	88	20
89	89	18
90	90	16
91	91	16
92	92	12
93	93	19
94	94	18
95	95	15
96	96	11
97	97	16
98	98	9
99	99	19
100	100	15
101	101	17
102	102	10
103	103	11
104	104	18
105	105	9
106	106	11
107	107	19
108	108	11
109	109	11
110	110	13
111	111	11
112	112	18
113	113	9
114	114	9
115	115	13
116	116	6
117	117	7
118	118	14
119	119	14
120	120	12
121	121	5
122	122	10
123	123	10
124	124	8
125	125	10
126	126	6
127	127	8
128	128	5
129	129	4
130	130	11
131	131	8
132	132	7
133	133	5
134	134	5
135	135	11
136	136	9
137	137	6
138	138	8
139	139	9
140	140	11
141	141	3
142	142	4
143	143	6
144	144	8
145	145	1
146	146	6
147	147	4
148	148	6
149	149	7
150	150	5
151	151	1
152	152	5
153	153	5
154	154	4
155	155	4
156	156	8
157	157	4
158	158	3
159	159	3
160	160	3
161	161	2
162	162	7
163	163	6
164	164	3
165	165	2
166	166	4
167	167	4
168	168	4
169	169	1
170	170	9
171	171	5
172	172	1
173	173	3
174	174	4
175	175	4
176	176	2
177	177	7
178	178	3
179	180	6
180	181	2
181	182	6
182	184	2
183	185	3
184	186	4
185	187	4
186	188	9
187	189	2
188	190	1
189	191	2
190	192	3
191	193	1
192	194	1
193	195	4
194	197	4
195	198	5
196	199	4
197	200	4
198	201	3
199	202	1
200	203	2
201	204	2
202	206	7
203	207	1
204	208	1
205	209	4
206	210	4
207	211	2
208	213	3
209	214	1
210	215	1
211	216	1
212	217	1
213	219	2
214	220	1
215	221	2
216	222	1
217	223	2
218	224	1
219	226	2
220	227	3
221	228	2
222	230	1
223	231	2
224	232	1
225	233	3
226	234	1
227	235	2
228	236	3
229	238	1
230	239	2
231	240	1
232	241	3
233	243	1
234	244	1
235	245	1
236	246	4
237	247	1
238	248	2
239	250	1
240	251	3
241	252	3
242	253	1
243	255	1
244	256	1
245	257	2
246	258	2
247	260	2
248	261	1
249	262	1
250	264	2
251	266	1
252	267	2
253	268	1
254	269	1
255	270	2
256	272	2
257	274	1
258	276	1
259	278	1
260	285	2
261	286	1
262	287	2
263	288	1
264	289	1
265	290	1
266	292	1
267	294	2
268	295	1
269	296	1
270	297	1
271	300	1
272	301	1
273	305	2
274	307	1
275	308	3
276	311	1
277	312	2
278	313	2
279	320	1
280	322	1
281	325	1
282	329	1
283	330	1
284	334	2
285	337	1
286	342	1
287	345	3
288	347	1
289	352	1
290	354	1
291	366	1
292	367	1
293	368	1
294	372	1
295	382	1
296	384	1
297	386	1
298	391	2
299	410	1
300	411	1
301	412	1
302	419	1
303	422	1
304	424	1
305	440	2
306	493	1
307	494	1
308	507	1
309	510	1
310	513	3
311	515	1
312	517	1
313	564	1
314	566	1
315	616	1
316	647	1
317	662	1
318	761	1
319	834	1
320	843	1
321	952	1
322	976	1
323	1128	1
324	1621	1
325	1669	1
326	1801	1
