1	1	24029
2	2	8040
3	3	4096
4	4	2518
5	5	1847
6	6	1280
7	7	1070
8	8	779
9	9	643
10	10	543
11	11	439
12	12	391
13	13	336
14	14	300
15	15	256
16	16	263
17	17	203
18	18	212
19	19	190
20	20	170
21	21	147
22	22	143
23	23	134
24	24	138
25	25	105
26	26	95
27	27	110
28	28	94
29	29	84
30	30	90
31	31	98
32	32	91
33	33	74
34	34	75
35	35	76
36	36	72
37	37	75
38	38	65
39	39	50
40	40	48
41	41	65
42	42	46
43	43	45
44	44	36
45	45	51
46	46	46
47	47	41
48	48	42
49	49	49
50	50	35
51	51	38
52	52	44
53	53	30
54	54	36
55	55	31
56	56	37
57	57	32
58	58	22
59	59	39
60	60	19
61	61	29
62	62	25
63	63	29
64	64	18
65	65	36
66	66	33
67	67	25
68	68	31
69	69	23
70	70	23
71	71	18
72	72	26
73	73	18
74	74	16
75	75	11
76	76	19
77	77	12
78	78	22
79	79	14
80	80	22
81	81	23
82	82	15
83	83	21
84	84	25
85	85	7
86	86	18
87	87	13
88	88	16
89	89	14
90	90	11
91	91	10
92	92	14
93	93	17
94	94	10
95	95	12
96	96	16
97	97	16
98	98	13
99	99	13
100	100	9
101	101	15
102	102	14
103	103	14
104	104	13
105	105	7
106	106	9
107	107	10
108	108	12
109	109	7
110	110	15
111	111	6
112	112	8
113	113	9
114	114	13
115	115	9
116	116	7
117	117	8
118	118	15
119	119	12
120	120	4
121	121	9
122	122	10
123	123	7
124	124	12
125	125	8
126	126	9
127	127	13
128	128	8
129	129	6
130	130	6
131	131	12
132	132	5
133	133	5
134	134	6
135	135	4
136	136	4
137	137	12
138	138	8
139	139	7
140	140	8
141	141	6
142	142	3
143	143	9
144	144	6
145	145	7
146	146	1
147	147	5
148	148	6
149	149	5
150	150	4
151	151	7
152	152	8
153	153	6
154	154	6
155	155	5
156	156	10
157	157	9
158	158	5
159	159	4
160	160	5
161	161	3
162	162	6
163	163	5
164	164	4
165	165	2
166	166	4
167	167	3
168	168	3
169	169	1
170	170	3
171	171	3
172	172	1
173	173	6
174	174	3
175	175	2
176	176	3
177	177	2
178	178	2
179	179	1
180	180	1
181	181	5
182	182	1
183	183	3
184	184	2
185	185	3
186	186	1
187	187	3
188	188	1
189	190	2
190	191	2
191	192	4
192	193	3
193	194	1
194	195	6
195	196	2
196	197	2
197	198	3
198	199	7
199	200	4
200	201	2
201	202	2
202	203	6
203	204	5
204	205	2
205	206	5
206	207	3
207	208	6
208	209	3
209	210	1
210	211	3
211	212	1
212	213	3
213	214	4
214	215	2
215	216	3
216	217	1
217	218	5
218	221	1
219	222	3
220	223	4
221	224	3
222	225	1
223	226	2
224	227	4
225	228	3
226	229	3
227	230	2
228	231	3
229	232	4
230	233	2
231	234	2
232	235	1
233	236	1
234	237	3
235	238	1
236	239	4
237	240	1
238	242	1
239	243	3
240	246	2
241	247	4
242	248	2
243	249	1
244	250	2
245	251	1
246	253	2
247	254	2
248	255	3
249	256	3
250	257	4
251	258	1
252	259	4
253	261	1
254	262	1
255	263	1
256	264	2
257	265	3
258	266	1
259	267	1
260	268	2
261	269	4
262	270	3
263	271	1
264	272	1
265	273	1
266	275	1
267	276	1
268	280	4
269	281	2
270	284	1
271	285	1
272	286	1
273	287	1
274	288	1
275	291	2
276	293	3
277	296	6
278	298	2
279	299	2
280	300	2
281	301	1
282	302	2
283	303	1
284	305	1
285	307	3
286	308	1
287	311	1
288	312	1
289	316	1
290	317	1
291	318	2
292	319	1
293	320	1
294	321	1
295	322	1
296	326	1
297	327	1
298	328	2
299	329	1
300	330	2
301	331	1
302	333	2
303	336	1
304	337	2
305	339	2
306	340	1
307	341	1
308	342	1
309	343	1
310	345	1
311	347	1
312	348	1
313	350	1
314	352	3
315	353	3
316	354	1
317	355	1
318	356	1
319	358	2
320	360	1
321	361	1
322	364	1
323	365	1
324	368	1
325	369	2
326	372	2
327	373	1
328	375	1
329	376	1
330	378	4
331	379	2
332	382	1
333	383	1
334	384	2
335	385	1
336	390	2
337	391	1
338	392	1
339	393	1
340	394	1
341	396	1
342	397	1
343	399	1
344	401	1
345	402	1
346	408	2
347	410	1
348	412	1
349	413	1
350	414	1
351	415	1
352	422	1
353	423	2
354	425	1
355	429	1
356	432	1
357	433	1
358	439	3
359	440	1
360	441	2
361	442	1
362	444	1
363	457	1
364	464	1
365	466	1
366	469	1
367	482	1
368	485	1
369	491	1
370	494	1
371	496	1
372	497	1
373	499	1
374	500	1
375	506	1
376	507	1
377	512	1
378	516	1
379	517	2
380	519	1
381	522	1
382	524	1
383	527	1
384	540	1
385	577	1
386	578	1
387	579	2
388	586	1
389	614	1
390	618	1
391	623	1
392	625	2
393	632	1
394	636	1
395	644	1
396	657	1
397	668	1
398	672	1
399	683	1
400	694	2
401	708	1
402	724	1
403	768	1
404	784	1
405	785	1
406	800	1
407	802	1
408	817	1
409	820	2
410	848	1
411	894	1
412	908	1
413	941	1
414	1004	1
415	1140	1
416	1166	1
417	1180	1
418	1284	1
419	1317	1
420	1521	1
421	3035	1
